(131,6,985)
(817,900,104)
(338,164,928)
(986,953,323)
(965,720,484)
(998,678,907)
(239,897,848)
(667,994,183)
(134,551,755)
(75,897,370)
(874,353,510)
(334,542,883)
(382,53,977)
(256,995,852)
(973,472,113)
(310,924,908)
(675,849,523)
(791,921,210)
(250,853,708)
(286,663,940)
(97,108,206)
(502,689,378)
(70,654,583)
(161,843,576)
(395,811,290)
(313,994,694)
(737,742,509)
(238,674,249)
(425,207,724)
(393,17,740)
(111,236,822)
(51,466,284)
(678,532,942)
(991,965,37)
(659,329,116)
(206,161,284)
(559,707,219)
(320,533,918)
(441,285,529)
(594,407,797)
(511,835,401)
(706,814,533)
(292,361,952)
(674,258,250)
(652,348,518)
(203,515,904)
(509,944,567)
(102,98,242)
(678,6,653)
(609,453,168)
(556,437,654)
(203,27,983)
(279,935,113)
(597,120,143)
(851,386,246)
(204,402,362)
(503,142,377)
(238,479,512)
(949,330,377)
(576,889,443)
(875,7,91)
(43,126,425)
(79,666,262)
(707,168,954)
(677,504,210)
(628,725,139)
(6,297,536)
(654,304,720)
(220,751,161)
(66,75,685)
(514,875,749)
(208,517,740)
(47,39,435)
(381,382,38)
(471,813,927)
(998,989,914)
(894,30,661)
(329,43,305)
(920,176,715)
(782,48,947)
(378,420,413)
(452,385,466)
(847,363,135)
(28,221,138)
(953,121,514)
(315,437,309)
(257,239,472)
(78,211,233)
(808,178,929)
(93,938,246)
(55,984,370)
(35,752,105)
(267,429,108)
(599,673,505)
(438,477,700)
(369,883,328)
(223,345,397)
(497,606,74)
(736,422,381)
(676,852,500)
(948,598,340)
(466,495,327)
(386,192,381)
(695,442,797)
(377,59,72)
(845,514,349)
(565,837,371)
(672,577,298)
(718,147,136)
(175,608,944)
(927,941,620)
(847,121,719)
(985,323,184)
(891,173,245)
(332,971,218)
(596,787,317)
(622,788,284)
(263,659,261)
(202,675,530)
(579,54,567)
(809,417,372)
(400,203,141)
(789,662,388)
(910,477,206)
(813,410,282)
(202,248,750)
(860,432,312)
(97,884,178)
(212,349,164)
(819,933,433)
(315,319,238)
(569,203,904)
(360,302,130)
(291,412,622)
(312,503,345)
(974,915,941)
(858,730,456)
(704,699,696)
(18,711,949)
(511,716,210)
(755,625,488)
(742,684,51)
(959,45,168)
(372,728,821)
(208,501,102)
(780,416,42)
(105,104,36)
(139,828,180)
(939,373,955)
(304,626,669)
(297,472,481)
(431,763,593)
(205,132,541)
(435,254,156)
(616,194,88)
(171,633,335)
(614,385,985)
(629,233,925)
(976,111,389)
(234,920,57)
(542,250,356)
(835,704,337)
(410,626,326)
(478,252,86)
(854,479,103)
(309,964,242)
(912,46,157)
(221,754,609)
(478,901,910)
(711,319,775)
(882,165,558)
(97,599,609)
(327,411,286)
(568,277,227)
(892,721,301)
(170,636,660)
(384,772,981)
(72,103,495)
(848,633,692)
(976,371,515)
(589,125,176)
(502,909,565)
(760,134,89)
(743,306,855)
(274,543,768)
(482,390,546)
(737,644,770)
(367,193,312)
(378,282,128)
(967,324,361)
(391,234,618)
(337,51,22)
(346,980,948)
(49,172,360)
(351,329,295)
(383,801,156)
(372,915,114)
(205,612,811)
(945,171,162)
(470,742,129)
(78,615,161)
(479,514,63)
(561,579,484)
(782,928,898)
(772,82,682)
(712,121,364)
(488,549,599)
(480,285,960)
(21,171,9)
(146,707,554)
(841,829,822)
(92,310,984)
(74,673,372)
(198,55,499)
(107,124,715)
(296,804,330)
(117,708,93)
(346,327,392)
(2,860,332)
(884,118,772)
(624,67,401)
(84,331,148)
(130,88,6)
(731,739,403)
(72,248,169)
(142,20,68)
(538,746,227)
(540,147,782)
(151,72,638)
(728,465,322)
(529,135,645)
(342,707,54)
(647,992,624)
(833,850,780)
(695,413,647)
(183,663,448)
(103,173,74)
(905,4,787)
(76,15,107)
(68,821,584)
(384,259,213)
(996,236,42)
(770,144,746)
(964,48,496)
(572,198,492)
(566,119,463)
(614,538,618)
(594,844,438)
(6,1,778)
(886,670,559)
(988,938,16)
(623,766,710)
(990,796,115)
(738,561,269)
(356,949,393)
(692,468,238)
(34,198,939)
(79,659,460)
(187,903,161)
(650,578,513)
(335,461,471)
(903,134,537)
(409,496,672)
(787,470,752)
(963,661,388)
(423,116,65)
(283,939,682)
(708,273,246)
(494,341,300)
(800,21,471)
(348,283,205)
(627,227,506)
(279,45,902)
(51,818,674)
(723,81,776)
(54,61,76)
(541,964,90)
(473,601,311)
(210,537,675)
(857,318,973)
(89,745,487)
(100,492,889)
(931,907,561)
(727,273,71)
(886,274,811)
(186,278,204)
(233,486,639)
(618,335,105)
(117,831,32)
(444,450,75)
(40,712,789)
(709,925,143)
(110,349,228)
(321,942,881)
(83,372,443)
(719,529,188)
(766,341,868)
(334,891,553)
(178,880,101)
(331,266,225)
(177,555,696)
(265,908,27)
(944,722,653)
(178,231,805)
(689,14,235)
(150,405,566)
(253,156,341)
(761,999,129)
(303,101,363)
(76,284,239)
(493,345,951)
(603,971,359)
(44,626,797)
(372,80,494)
(633,271,617)
(304,160,838)
(928,86,921)
(938,26,250)
(399,903,900)
(809,454,473)
(594,162,687)
(917,609,534)
(403,96,468)
(92,724,418)
(533,727,338)
(15,249,131)
(2,510,468)
(238,447,634)
(51,444,725)
(105,991,847)
(378,112,245)
(928,267,526)
(509,594,81)
(934,503,953)
(235,127,246)
(850,227,258)
(254,516,165)
(56,353,810)
(503,454,353)
(221,278,87)
(437,710,713)
(899,24,278)
(278,591,550)
(344,221,213)
(602,92,561)
(653,665,134)
(988,965,426)
(99,729,493)
(558,631,951)
(326,389,197)
(483,520,756)
(195,426,749)
(319,490,691)
(616,170,902)
(469,615,555)
(531,98,699)
(361,751,721)
(56,670,510)
(93,369,258)
(148,267,324)
(656,187,923)
(914,134,472)
(525,525,64)
(365,934,479)
(929,936,401)
(927,509,847)
(168,531,598)
(288,147,716)
(46,203,142)
(480,404,803)
(509,131,303)
(209,173,316)
(258,713,16)
(628,962,882)
(501,153,337)
(561,343,439)
(826,742,427)
(91,586,962)
(531,583,373)
(770,307,828)
(214,871,132)
(365,662,991)
(808,996,704)
(786,158,111)
(9,954,499)
(971,981,497)
(285,314,34)
(762,994,606)
(801,256,935)
(183,949,979)
(442,359,840)
(798,112,763)
(190,175,416)
(415,862,617)
(117,70,426)
(369,991,360)
(813,265,869)
(722,737,614)
(525,483,235)
(604,992,282)
(779,423,833)
(992,47,245)
(61,36,305)
(829,430,971)
(692,208,478)
(792,218,943)
(196,682,514)
(794,940,103)
(201,637,304)
(183,303,367)
(186,896,337)
(881,809,399)
(557,836,827)
(505,23,346)
(163,758,311)
(682,25,370)
(507,333,169)
(148,398,878)
(882,243,864)
(537,894,577)
(515,567,152)
(459,556,630)
(459,730,582)
(942,525,698)
(964,369,753)
(990,710,305)
(387,555,661)
(256,656,650)
(944,108,850)
(668,243,721)
(744,214,903)
(78,43,907)
(187,528,364)
(915,189,599)
(163,734,952)
(858,589,644)
(803,809,872)
(256,770,421)
(531,842,394)
(222,117,995)
(918,795,703)
(812,266,87)
(215,509,46)
(132,869,167)
(965,829,539)
(724,694,16)
(190,784,260)
(394,686,657)
(400,896,399)
(942,931,218)
(299,402,426)
(684,598,210)
(4,309,830)
(924,963,783)
(235,525,543)
(673,134,323)
(329,955,144)
(773,919,681)
(98,653,324)
(942,755,938)
(530,361,109)
(861,736,834)
(873,909,445)
(38,428,16)
(803,620,336)
(599,890,103)
(906,285,606)
(650,755,428)
(425,394,569)
(579,392,15)
(50,190,555)
(672,523,324)
(197,866,737)
(226,517,924)
(958,693,493)
(590,87,921)
(480,139,220)
(901,933,182)
(190,843,776)
(579,861,896)
(340,82,185)
(749,710,174)
(82,801,347)
(261,701,7)
(776,634,745)
(137,846,680)
(760,735,160)
(301,484,412)
(116,231,324)
(317,489,917)
(48,16,718)
(235,134,858)
(565,471,609)
(852,899,879)
(714,184,447)
(851,395,998)
(450,142,702)
(405,704,938)
(481,714,979)
(950,581,611)
(610,97,518)
(941,885,163)
(489,964,191)
(409,722,905)
(871,417,926)
(264,62,368)
(774,843,270)
(523,48,939)
(312,196,578)
(722,913,391)
(211,735,154)
(57,167,563)
(352,859,162)
(316,225,571)
(500,647,913)
(797,841,696)
(592,94,849)
(242,513,534)
(109,964,226)
(212,197,401)
(847,301,333)
(153,786,483)
(787,914,908)
(364,315,754)
(579,919,818)
(499,99,886)
(592,706,243)
(162,357,992)
(819,961,123)
(274,240,327)
(602,682,567)
(949,800,949)
(656,348,199)
(727,853,351)
(9,192,669)
(89,771,333)
(988,751,105)
(441,104,197)
(495,429,337)
(694,440,472)
(508,656,451)
(985,830,574)
(731,352,855)
(540,634,418)
(758,181,895)
(561,501,484)
(442,123,748)
(633,170,157)
(715,276,806)
(803,401,503)
(814,456,686)
(917,46,935)
(196,990,544)
(962,453,158)
(389,878,964)
(190,944,940)
(151,271,74)
(214,134,693)
(990,409,426)
(544,422,432)
(363,567,232)
(986,128,297)
(300,618,69)
(76,576,901)
(224,259,972)
(68,354,522)
(429,967,655)
(975,165,960)
(510,79,805)
(413,681,608)
(811,842,695)
(91,64,738)
(226,785,386)
(827,475,232)
(563,962,14)
(251,373,401)
(231,873,471)
(599,26,524)
(259,688,530)
(367,462,729)
(785,602,267)
(838,357,105)
(55,952,168)
(144,275,586)
(540,20,734)
(678,819,984)
(868,116,351)
(619,708,144)
(159,90,512)
(462,314,560)
(98,841,17)
(658,516,169)
(782,398,628)
(931,573,701)
(775,520,54)
(57,768,798)
(251,889,921)
(971,328,863)
(826,707,77)
(492,483,726)
(507,300,911)
(88,290,765)
(338,944,350)
(638,759,348)
(891,446,977)
(45,227,479)
(907,72,175)
(710,325,91)
(147,550,876)
(165,383,546)
(371,368,550)
(29,540,113)
(636,862,799)
(544,836,724)
(887,206,515)
(497,997,923)
(932,684,720)
(199,123,372)
(380,797,935)
(361,432,254)
(376,584,708)
(39,50,521)
(176,480,809)
(909,522,987)
(337,499,355)
(897,606,174)
(498,998,684)
(942,497,505)
(143,86,842)
(126,884,958)
(566,814,603)
(77,136,638)
(472,718,50)
(15,268,838)
(213,907,673)
(562,386,166)
(597,126,151)
(294,784,112)
(699,613,441)
(74,157,636)
(511,162,269)
(971,496,972)
(927,864,806)
(297,116,667)
(530,703,212)
(805,101,275)
(858,841,365)
(616,15,761)
(355,908,226)
(305,401,443)
(592,688,436)
(253,261,908)
(911,793,834)
(900,952,101)
(553,788,562)
(665,803,617)
(179,307,244)
(64,883,329)
(230,907,454)
(458,886,719)
(250,619,696)
(433,368,7)
(383,449,399)
(856,406,162)
(116,238,817)
(912,331,800)
(564,5,212)
(866,945,435)
(699,932,34)
(680,814,71)
(722,448,374)
(786,475,858)
(911,859,308)
(950,141,524)
(433,464,825)
(924,462,450)
(668,512,819)
(386,748,82)
(156,174,37)
(683,63,866)
(675,830,979)
(540,205,443)
(153,111,129)
(492,575,122)
(887,955,465)
(47,994,892)
(623,657,313)
(567,760,67)
(509,633,23)
(115,112,623)
(52,138,388)
(54,376,360)
(550,448,156)
(926,19,752)
(581,102,301)
(970,992,19)
(246,820,113)
(343,859,861)
(882,721,957)
(610,62,203)
(587,287,507)
(605,69,171)
(461,252,635)
(904,437,615)
(425,458,746)
(922,685,833)
(999,995,274)
(263,420,24)
(905,45,386)
(88,114,657)
(947,799,312)
(58,82,29)
(131,627,823)
(653,597,874)
(16,425,640)
(171,749,956)
(909,748,84)
(771,850,506)
(359,169,460)
(112,824,909)
(511,161,906)
(299,807,206)
(467,130,137)
(965,638,354)
(117,271,874)
(45,262,679)
(989,25,678)
(790,929,161)
(743,175,478)
(343,620,546)
(129,605,918)
(926,621,278)
(24,216,295)
(382,787,804)
(695,851,963)
(788,725,799)
(727,395,103)
(100,156,455)
(438,957,838)
(661,673,120)
(138,559,842)
(367,625,924)
(795,674,659)
(698,280,66)
(854,50,25)
(713,576,299)
(386,627,342)
(917,424,191)
(765,387,724)
(429,144,327)
(513,517,110)
(410,996,897)
(859,283,209)
(196,591,634)
(66,881,183)
(202,128,933)
(423,148,511)
(297,386,973)
(649,331,695)
(659,833,772)
(404,705,787)
(144,916,788)
(868,295,601)
(803,769,336)
(552,770,624)
(882,245,752)
(20,791,998)
(773,226,111)
(25,437,872)
(572,579,755)
(600,677,961)
(529,273,54)
(363,563,217)
(917,127,247)
(480,795,972)
(445,638,227)
(311,178,240)
(515,212,306)
(3,147,589)
(807,543,149)
(477,154,684)
(203,916,960)
(312,772,260)
(966,891,359)
(543,66,232)
(896,416,243)
(715,623,195)
(749,655,242)
(205,316,822)
(434,237,837)
(812,952,815)
(602,493,707)
(278,703,125)
(593,244,637)
(598,546,191)
(818,860,282)
(60,460,464)
(731,326,82)
(976,990,161)
(956,367,755)
(701,835,942)
(428,988,79)
(116,430,776)
(756,947,501)
(717,504,104)
(898,122,328)
(558,714,592)
(235,180,281)
(815,174,250)
(560,566,19)
(444,356,810)
(380,935,814)
(129,900,376)
(750,213,231)
(509,60,103)
(222,30,823)
(281,984,602)
(942,472,459)
(877,187,577)
(74,921,321)
(522,988,9)
(791,74,843)
(555,787,188)
(924,68,552)
(754,114,438)
(895,74,253)
(234,4,243)
(295,38,520)
(839,261,139)
(122,135,832)
(799,718,291)
(928,929,974)
(560,317,430)
(710,478,251)
(518,525,372)
(283,641,68)
(882,579,369)
(757,157,892)
(552,102,537)
(294,523,262)
(568,228,577)
(445,514,104)
(596,781,945)
(511,511,238)
(701,757,891)
(430,401,920)
(886,940,418)
(821,18,804)
(102,811,506)
(462,124,315)
(359,777,755)
(87,601,800)
(590,570,945)
(394,420,771)
(171,997,646)
(74,797,452)
(921,862,368)
(632,44,102)
(272,848,783)
(499,798,956)
(245,470,160)
(212,988,178)
(777,727,908)
(828,854,163)
(766,772,31)
(809,813,54)
(139,583,234)
(429,248,700)
(165,248,417)
(859,983,53)
(429,705,513)
(345,831,119)
(969,213,797)
(958,221,916)
(233,627,129)
(89,179,654)
(810,49,556)
(58,109,394)
(312,568,534)
(872,176,368)
(853,967,467)
(872,945,709)
(816,862,672)
(899,94,548)
(297,267,437)
(790,538,886)
(234,186,967)
(178,163,162)
(922,913,153)
(3,495,781)
(168,488,851)
(512,871,307)
(208,645,589)
(626,945,849)
(792,475,942)
(858,491,445)
(82,262,781)
(490,197,287)
(235,448,654)
(361,753,554)
(657,23,623)
(45,190,24)
(49,456,87)
(365,861,470)
(740,277,266)
(720,512,761)
(449,763,603)
(277,156,471)
(654,269,842)
(924,910,378)
(144,698,530)
(898,625,84)
(845,232,691)
(728,540,112)
(234,889,34)
(352,482,476)
(862,31,543)
(663,648,110)
(204,778,780)
(160,799,392)
(506,142,846)
(423,811,903)
(535,710,588)
(204,636,601)
(963,818,527)
(975,212,207)
(32,113,521)
(298,962,12)
(338,839,660)
(515,437,320)
(118,321,95)
(503,217,351)
(1,746,465)
(885,23,163)
(84,36,615)
(714,706,946)
(871,510,333)
(924,267,241)
(182,143,6)
(928,50,338)
(144,583,955)
(880,867,402)
(365,243,355)
(254,445,667)
(152,826,332)
(447,687,978)
(660,316,515)
(110,507,846)
(476,720,729)
(239,564,762)
(702,142,759)
(968,949,543)
(785,318,443)
(387,131,455)
(764,117,259)
(113,306,944)
(605,191,845)
(765,479,421)
(802,679,367)
(61,335,395)
(961,28,239)
(634,815,633)
(693,66,62)
(264,561,943)
(291,866,429)
(953,785,90)
(365,665,989)
(41,972,509)
(307,345,980)
(824,151,820)
(419,150,14)
(438,533,444)
(699,765,812)
(24,644,6)
(847,451,136)
(663,635,76)
(14,306,442)
(52,395,338)
(509,964,343)
(813,736,722)
(591,519,870)
(983,248,713)
(468,445,950)
(311,144,800)
(675,329,62)
(780,89,286)
(54,433,162)
(409,61,70)
(56,874,852)
(912,135,793)
(783,347,823)
(368,769,698)
(443,638,112)
(515,146,37)
(317,419,711)
(209,929,576)
(391,334,403)
(339,61,960)
(557,214,774)
(668,387,363)
(172,183,574)
(925,90,754)
(578,340,255)
(170,641,680)
(299,18,145)
(362,772,531)
(849,800,194)
(987,270,929)
(117,872,100)
(970,105,659)
(723,698,545)
(361,358,628)
(637,300,538)
(444,420,599)
(95,804,591)
(560,587,577)
(540,82,824)
(730,12,865)
(244,82,401)
(454,224,683)
(63,6,706)
(764,703,551)
(254,820,444)
(692,990,647)
(647,118,526)
(587,546,952)
(310,126,294)
(29,398,524)
(977,585,150)
(105,566,661)
(92,217,331)
(35,108,59)
(915,580,375)
(77,913,147)
(355,454,471)
(520,730,574)
(878,842,299)
(904,759,131)
(591,943,708)
(899,529,130)
(525,241,549)
(130,331,196)
(537,444,361)
(67,549,855)
(19,31,363)
(808,597,295)
(636,330,323)
(419,614,651)
(63,344,193)
(961,92,883)
(649,613,713)
(819,702,313)
(655,372,878)
(361,244,631)
(274,827,643)
(958,332,532)
(802,160,167)
(555,181,930)
(416,699,407)
(57,975,966)
(366,869,422)
(88,421,2)
(644,377,291)
(194,805,164)
(523,504,557)
(23,238,90)
(214,765,628)
(208,72,931)
(546,88,435)
(220,32,816)
(993,53,981)
(799,160,692)
(491,26,516)
(999,191,343)
(141,259,148)
(890,217,872)
(350,413,864)
(160,916,983)
(424,563,163)
(799,634,936)
(658,249,554)
(156,405,405)
(839,409,129)
(345,198,625)
(456,541,830)
(694,191,864)
(57,372,80)
(608,551,659)
(83,674,679)
(408,424,604)
(286,113,504)
(754,868,811)
(768,23,227)
(69,144,987)
(944,935,70)
(24,184,662)
(846,176,95)
(237,5,484)
(67,641,156)
(801,540,578)
(511,939,130)
(365,382,216)
(268,52,239)
(911,981,170)
(957,252,249)
(956,868,901)
(937,297,232)
(869,873,297)
(509,383,826)
(305,172,865)
(697,284,692)
(43,919,111)
(901,840,74)
(694,942,8)
(226,314,669)
(545,943,475)
(728,669,131)
(208,474,910)
(394,378,330)
(929,178,403)
(735,971,542)
(720,354,801)
(968,121,751)
(872,343,586)
(199,918,50)
(26,495,258)
(768,826,53)
(720,823,766)
(826,786,3)
(411,396,781)
(71,756,375)
(727,651,382)
(520,440,277)
(14,714,222)
(647,174,650)
(506,377,165)
(786,651,512)
(925,831,656)
(306,968,883)
(769,841,871)
(470,233,481)
(788,826,99)
(662,137,349)
(288,110,504)
(499,150,144)
(485,912,927)
(579,60,104)
(704,745,514)
(175,421,837)
(464,272,355)
(186,423,749)
(411,96,592)
(502,803,673)
(926,726,987)
(313,371,674)
(63,294,701)
(585,604,796)
(980,473,418)
(895,960,515)
(723,205,775)
(90,705,205)
(891,670,399)
(277,702,686)
(56,718,43)
(899,776,838)
(264,4,221)
(447,44,21)
(386,728,785)
(930,682,6)
(720,437,407)
(606,217,175)
(890,853,727)
(323,642,350)
(898,934,558)
(23,378,306)
(25,43,774)
(973,618,662)
(560,475,236)
(345,209,314)
(951,552,411)
(548,280,477)
(367,335,98)
(846,340,808)
(289,942,519)
(544,610,167)
(488,61,943)
(956,35,153)
(190,929,322)
(328,506,382)
(110,962,314)
(11,30,931)
(902,287,615)
(536,415,931)
(598,490,592)
(912,990,393)
(93,387,5)
(100,997,265)
(411,73,872)
(138,634,642)
(664,974,947)
(544,452,371)
(471,313,740)
(598,352,713)
(163,494,812)
(382,78,978)
(78,415,649)
(673,335,859)
(223,7,478)
(128,567,627)
(714,710,207)
(691,402,30)
(663,214,143)
(117,912,745)
(603,402,221)
(726,120,696)
(209,790,242)
(220,144,606)
(218,700,469)
(930,594,57)
(75,476,485)
(179,337,445)
(827,77,20)
(970,448,921)
(358,675,532)
(661,344,355)
(396,577,925)
(669,599,54)
(810,93,502)
(76,82,519)
(300,561,872)
(698,345,301)
(502,289,856)
(327,79,636)
(901,788,47)
(887,570,186)
(301,742,190)
(262,141,955)
(53,180,630)
(905,176,750)
(625,736,906)
(276,48,392)
(690,624,359)
(290,257,571)
(993,594,850)
(541,235,869)
(566,64,405)
(313,434,382)
(966,285,480)
(749,585,752)
(990,836,319)
(38,872,716)
(19,858,92)
(303,697,687)
(257,32,441)
(302,950,279)
(816,774,964)
(851,542,990)
(178,762,736)
(56,837,964)
(677,609,746)
(916,210,622)
(100,80,197)
(704,187,817)
(772,217,20)
(578,152,253)
(332,935,45)
(856,622,564)
(980,876,90)
(422,254,416)
(320,411,921)
(90,485,496)
(804,252,305)
(465,321,607)
(601,712,231)
(489,53,215)
(505,304,894)
(324,953,475)
(291,966,762)
(446,682,967)
(721,218,848)
(708,713,36)
(326,518,63)
(983,325,197)
(20,963,725)
(648,237,696)
(829,251,185)
(719,234,430)
(767,749,15)
(231,441,665)
(627,701,174)
(336,805,358)
(944,173,589)
(530,733,278)
(871,490,769)
(673,235,995)
(540,291,502)
(742,259,613)
(98,350,182)
(675,81,346)
(495,442,16)
(499,69,882)
(791,902,407)
(547,198,328)
(733,628,380)
(989,79,370)
(456,333,416)
(20,935,192)
(526,610,627)
(106,397,194)
(944,794,850)
(747,500,896)
(71,876,640)
(85,933,161)
(366,744,323)
(624,521,875)
(851,34,228)
(870,118,286)
(41,338,352)
(426,714,480)
(207,123,233)
(141,813,841)
(480,108,894)
(672,833,962)
(720,954,312)
(620,905,117)
(261,241,575)
(953,179,374)
(367,164,536)
(568,324,670)
(381,748,331)
(222,653,357)
(222,459,607)
(700,768,556)
(925,993,690)
(815,413,282)
(748,552,557)
(877,426,357)
(993,292,198)
(394,167,532)
(21,706,481)
(16,837,64)
(63,11,325)
(912,784,539)
(369,759,974)
(159,7,184)
(834,440,895)
(681,197,892)
(626,539,851)
(593,192,213)
(450,31,101)
(215,536,770)
(679,974,452)
(429,835,153)
(519,790,444)
(855,613,655)
(655,264,36)
(280,718,949)
(87,568,144)
(987,628,269)
(605,713,505)
(106,483,850)
(51,47,697)
(282,468,625)
(184,797,219)
(736,470,850)
(846,314,366)
(686,671,709)
(431,516,570)
(850,864,655)
(640,85,299)
(855,744,241)
(726,258,609)
(1,149,491)
(750,720,950)
(243,551,388)
(551,943,248)
(135,714,597)
(149,532,191)
(210,431,413)
(639,885,913)
(163,615,573)
(122,563,969)
(941,789,689)
(965,986,231)
(385,237,54)
(231,886,394)
(195,969,453)
(348,13,814)
(228,28,962)
(342,631,899)
(665,307,703)
(878,921,76)
(745,656,374)
(588,548,37)
(42,865,627)
(561,83,784)
(875,558,78)
(672,1,885)
(616,105,618)
(157,260,340)
(413,247,3)
(184,697,945)
(194,50,695)
(845,35,192)
(191,59,449)
(35,687,965)
(923,279,218)
(682,86,736)
(914,256,677)
(578,891,78)
(229,68,420)
(118,164,280)
(434,641,768)
(452,519,410)
(474,340,930)
(191,711,355)
(311,761,202)
(680,193,727)
(410,159,763)
(224,615,529)
(332,909,897)
(229,985,422)
(723,51,591)
(848,883,942)
(499,909,104)
(797,964,301)
(796,146,396)
(538,727,126)
(942,589,553)
(529,598,875)
(715,468,666)
(837,609,494)
(608,990,270)
(533,522,788)
(286,928,899)
(146,85,455)
(235,484,395)
(94,946,477)
(334,962,898)
(651,757,311)
(154,914,342)
(204,909,597)
(125,336,359)
(768,799,566)
(283,412,341)
(145,614,93)
(122,995,795)
(9,558,52)
(587,227,332)
(632,278,298)
(600,778,164)
(217,742,350)
(538,97,133)
(647,431,31)
(995,484,33)
(629,903,106)
(321,121,702)
(227,508,447)
(270,205,319)
(194,466,133)
(734,302,31)
(241,642,123)
(667,1,904)
(722,483,220)
(663,392,392)
(351,289,171)
(677,405,810)
(683,748,140)
(68,352,597)
(770,4,908)
(290,908,290)
(861,257,391)
(572,831,594)
(336,425,504)
(33,525,761)
(488,701,217)
(600,791,124)
(943,947,100)
(840,403,830)
(337,33,929)
(81,475,11)
(848,344,969)
(212,186,713)
(533,145,388)
(818,167,329)
(856,149,581)
(352,877,318)
(488,464,697)
(307,681,604)
(719,214,384)
(11,305,331)
(814,173,496)
(152,599,967)
(294,154,306)
(844,782,849)
(29,872,795)
(753,210,752)
(725,727,179)
(460,325,942)
(341,778,693)
(47,57,125)
(883,981,486)
(656,480,770)
(734,621,777)
(406,420,772)
(802,142,912)
(614,958,468)
(218,614,816)
(368,663,427)
(320,595,445)
(504,47,694)
(215,732,302)
(187,357,828)
(898,214,93)
(353,459,147)
(41,928,535)
(33,683,48)
(915,361,691)
(95,982,30)
(54,473,913)
(347,629,796)
(606,14,441)
(997,839,921)
(783,371,877)
(135,353,261)
(7,227,838)
(249,789,417)
(271,832,998)
(134,873,409)
(332,116,460)
(368,448,864)
(788,481,59)
(429,158,122)
(326,29,923)
(284,88,32)
(740,536,116)
(440,43,524)
(652,526,407)
(633,889,208)
(464,874,803)
(150,464,373)
(619,439,23)
(51,794,228)
(855,759,204)
(824,932,667)
(106,500,623)
(497,718,826)
(802,85,689)
(733,513,994)
(44,955,717)
(927,6,832)
(774,262,817)
(228,331,87)
(401,110,399)
(12,619,957)
(720,317,70)
(868,307,265)
(323,47,103)
(20,848,960)
(467,970,650)
(199,544,203)
(78,831,871)
(775,445,39)
(806,127,899)
(112,265,786)
(973,219,28)
(275,839,354)
(380,50,106)
(469,343,644)
(322,297,229)
(575,202,274)
(211,819,244)
(27,952,398)
(499,307,428)
(579,92,196)
(277,786,695)
(794,772,595)
(754,637,434)
(826,567,957)
(729,502,759)
(893,208,268)
(556,713,288)
(724,355,205)
(988,73,452)
(875,230,736)
(26,263,568)
(606,716,716)
(9,696,558)
(143,610,259)
(654,636,209)
(156,163,768)
(716,364,33)
(486,299,519)
(697,618,78)
(794,62,356)
(395,588,688)
(835,899,48)
(639,350,956)
(558,733,538)
(717,858,410)
(381,225,262)
(958,836,55)
(430,945,268)
(347,685,266)
(475,398,845)
(142,716,569)
(501,272,143)
(989,790,484)
(779,690,12)
(909,562,319)
(248,376,700)
(552,517,855)
(451,970,787)
(994,359,213)
(234,455,769)
(650,165,817)
(854,267,553)
(874,646,964)
(958,366,705)
(269,457,499)
(467,914,861)
(748,919,684)
(59,661,560)
(826,624,774)
(908,679,294)
(666,574,350)
(474,988,242)
(83,47,260)
(783,721,756)
(404,64,420)
(346,279,528)
(690,37,513)
(892,188,97)
(560,220,714)
(826,39,355)
(353,413,800)
(994,100,652)
(254,791,137)
(997,284,622)
(966,122,894)
(681,432,732)
(661,61,493)
(922,555,568)
(356,571,502)
(337,59,633)
(870,488,271)
(39,105,394)
(711,405,597)
(584,103,411)
(672,882,616)
(680,465,567)
(443,488,121)
(909,825,312)
(300,892,835)
(786,355,272)
(612,36,234)
(366,61,318)
(886,961,925)
(853,35,911)
(9,545,349)
(545,87,583)
(420,634,534)
(438,910,71)
(737,704,505)
(740,439,679)
(440,855,689)
(706,711,613)
(989,134,320)
(944,562,973)
(100,809,190)
(81,386,949)
(716,555,58)
(960,194,194)
(546,431,662)
(521,473,49)
(632,723,509)
(152,11,427)
(551,298,387)
(669,7,154)
(215,833,890)
(436,967,410)
(978,879,436)
(235,168,623)
(344,696,370)
(713,931,28)
(84,434,708)
(630,852,805)
(991,803,811)
(250,374,382)
(378,948,466)
(366,474,924)
(760,825,220)
(580,278,236)
(300,895,572)
(50,636,622)
(579,34,775)
(880,486,913)
(36,643,187)
(718,948,544)
(739,64,115)
(388,388,458)
(857,648,783)
(307,532,541)
(613,660,490)
(591,803,270)
(252,919,964)
(628,394,565)
(508,580,932)
(842,859,591)
(502,669,733)
(911,953,515)
(377,252,666)
(462,734,604)
(635,282,963)
(328,102,709)
(553,738,69)
(968,818,118)
(778,312,581)
(337,31,825)
(151,274,9)
(330,52,872)
(990,36,516)
(488,975,52)
(401,886,948)
(36,463,783)
(71,329,864)
(82,542,911)
(448,660,484)
(698,160,417)
(327,912,350)
(496,229,55)
(555,174,743)
(277,108,27)
(201,524,762)
(394,468,884)
(357,947,263)
(419,602,522)
(782,363,354)
(839,756,362)
(643,962,243)
(492,255,18)
(360,632,82)
(228,420,76)
(714,848,937)
(854,552,335)
(360,693,495)
(561,450,479)
(261,962,122)
(646,211,43)
(525,583,733)
(27,533,138)
(433,986,437)
(669,409,579)
(287,187,358)
(81,702,204)
(788,643,593)
(45,586,974)
(143,169,62)
(108,826,394)
(626,357,732)
(394,701,547)
(71,938,527)
(401,504,459)
(356,650,263)
(199,994,629)
(692,469,946)
(246,641,154)
(599,443,481)
(951,502,550)
(511,58,552)
(998,823,940)
(21,407,483)
(808,506,312)
(93,743,568)
(659,408,948)
(52,173,516)
(166,491,761)
(51,940,858)
(385,863,887)
(961,180,957)
(998,305,463)
(880,754,116)
(629,359,764)
(56,976,213)
(800,949,274)
(904,903,13)
(155,414,669)
(813,460,582)
(674,109,7)
(643,752,104)
(917,115,828)
(38,667,205)
(437,743,399)
(691,953,615)
(555,256,917)
(563,334,500)
(969,101,874)
(705,333,417)
(865,808,924)
(600,526,237)
(76,322,457)
(137,912,803)
(441,382,77)
(172,888,765)
(55,961,855)
(60,809,970)
(632,542,368)
(758,297,786)
(251,125,191)
(688,83,759)
(243,673,66)
(285,39,592)
(967,102,503)
(38,255,30)
(770,174,845)
(869,433,622)
(202,532,599)
(359,476,887)
(834,797,84)
(981,687,55)
(754,963,125)
(547,192,438)
(43,345,466)
(940,754,179)
(249,331,632)
(793,403,654)
(258,279,348)
(541,185,845)
(648,190,892)
(326,597,322)
(738,37,202)
(572,155,54)
(969,803,892)
(814,213,780)
(824,583,381)
(127,701,802)
(489,368,161)
(347,7,779)
(995,934,943)
(760,634,644)
(97,422,143)
(689,534,376)
(652,159,409)
(792,716,489)
(888,201,233)
(669,34,521)
(252,910,583)
(440,700,63)
(20,298,530)
(430,686,341)
(447,769,928)
(299,295,987)
(591,999,143)
(874,843,205)
(726,284,159)
(241,615,699)
(212,375,682)
(605,816,485)
(199,919,25)
(430,68,758)
(667,782,848)
(996,911,27)
(974,61,542)
(387,538,926)
(551,323,472)
(452,615,572)
(946,943,645)
(768,587,737)
(799,40,206)
(793,716,596)
(173,737,551)
(19,211,969)
(780,323,149)
(790,653,178)
(100,813,709)
(619,247,633)
(698,678,675)
(862,321,486)
(372,751,787)
(749,279,609)
(414,340,142)
(95,582,866)
(340,562,214)
(100,496,549)
(22,562,909)
(194,510,156)
(834,56,16)
(374,784,826)
(330,427,200)
(801,342,991)
(158,857,666)
(472,59,824)
(226,90,855)
(967,722,906)
(657,722,830)
(477,39,626)
(506,777,130)
(116,492,207)
(134,784,323)
(97,486,596)
(52,463,727)
(334,687,395)
(270,925,677)
(237,79,606)
(215,691,531)
(149,192,935)
(197,387,747)
(466,939,747)
(714,620,906)
(179,320,132)
(64,611,366)
(478,190,868)
(792,410,427)
(524,80,489)
(33,593,38)
(805,606,278)
(580,361,750)
(394,964,846)
(181,121,66)
(278,979,457)
(759,708,240)
(274,561,75)
(240,728,941)
(554,208,732)
(908,362,888)
(819,532,553)
(523,739,500)
(183,520,435)
(513,435,391)
(583,514,822)
(592,677,602)
(324,361,374)
(543,429,625)
(249,298,449)
(25,779,921)
(444,816,914)
(581,398,717)
(441,204,651)
(854,604,184)
(139,160,187)
(446,91,241)
(328,628,796)
(921,346,251)
(703,545,319)
(820,61,745)
(25,285,319)
(679,262,820)
(508,72,491)
(534,994,570)
(394,225,727)
(193,648,16)
(5,20,8)
(531,339,310)
(358,195,822)
(562,196,798)
(340,543,39)
(472,307,511)
(625,592,593)
(583,16,147)
(973,652,728)
(425,873,713)
(419,422,656)
(819,253,645)
(156,162,184)
(852,233,910)
(645,884,870)
(956,6,817)
(949,159,384)
(366,724,323)
(878,417,260)
(64,476,343)
(21,514,524)
(504,353,95)
(541,86,601)
(333,768,782)
(84,273,772)
(495,501,380)
(503,673,482)
(997,269,911)
(866,591,259)
(501,509,42)
(214,25,617)
(730,447,987)
(78,475,197)
(397,993,663)
(861,243,874)
(431,23,115)
(540,640,415)
(88,707,985)
(584,880,614)
(995,146,752)
(905,937,151)
(418,651,650)
(40,855,926)
(528,464,907)
(923,717,462)
(28,985,209)
(265,343,87)
(294,828,448)
(206,976,511)
(206,797,771)
(586,872,597)
(677,799,988)
(465,868,978)
(111,182,628)
(302,402,35)
(898,191,570)
(452,147,733)
(620,882,262)
(686,659,341)
(84,787,268)
(470,501,146)
(962,375,169)
(695,499,790)
(739,279,276)
(764,562,786)
(58,160,215)
(221,283,277)
(614,264,68)
(680,720,505)
(46,10,215)
(414,744,290)
(631,46,185)
(721,854,225)
(416,258,752)
(921,11,281)
(599,552,821)
(791,596,594)
(469,354,196)
(121,14,828)
(47,944,756)
(539,223,247)
(51,562,557)
(579,694,689)
(317,696,536)
(247,753,827)
(63,883,177)
(827,787,271)
(452,813,431)
(417,802,393)
(434,813,372)
(871,850,833)
(827,172,807)
(759,781,74)
(851,257,725)
(300,625,826)
(302,294,203)
(645,318,390)
(586,76,893)
(940,551,689)
(950,235,684)
(722,398,331)
(836,867,228)
(46,903,594)
(168,637,419)
(355,222,331)
(737,540,296)
(163,327,419)
(959,298,892)
(766,661,557)
(710,144,668)
(105,228,454)
(244,213,195)
(823,271,861)
(75,893,445)
(74,940,705)
(920,753,588)
(877,448,98)
(760,430,568)
(454,742,466)
(500,526,392)
(381,336,512)
(629,819,928)
(868,295,437)
(629,755,395)
(167,691,684)
(760,753,193)
(376,200,689)
(547,448,454)
(733,856,246)
(637,60,332)
(92,244,651)
(695,406,550)
(422,120,917)
(496,609,47)
(51,888,642)
(775,349,798)
(20,234,806)
(863,888,943)
(970,944,370)
(686,685,25)
(286,357,744)
(759,149,119)
(758,467,198)
(545,130,714)
(408,945,975)
(509,335,180)
(858,436,673)
(673,100,102)
(887,360,787)
(616,682,884)
(368,703,473)
(845,14,351)
(135,304,658)
(625,386,816)
(721,329,963)
(899,463,320)
(926,23,641)
(469,610,987)
(901,450,528)
(642,868,402)
(913,671,858)
(394,545,530)
(736,396,302)
(13,550,122)
(199,313,615)
(717,788,492)
(234,637,263)
(804,222,941)
(236,889,887)
(102,969,783)
(611,779,673)
(456,344,151)
(992,88,307)
(965,858,715)
(783,702,489)
(815,189,345)
(659,195,438)
(204,6,143)
(202,735,427)
(822,114,368)
(189,358,266)
(608,164,687)
(22,473,202)
(987,124,669)
(743,47,752)
(490,684,969)
(723,751,107)
(454,830,372)
(245,835,433)
(419,544,778)
(496,853,511)
(348,319,784)
(223,983,516)
(639,18,839)
(37,756,863)
(265,984,835)
(556,874,349)
(187,638,429)
(413,923,252)
(349,46,39)
(571,742,88)
(236,401,436)
(69,148,129)
(391,567,730)
(193,100,696)
(354,771,234)
(282,920,230)
(414,503,849)
(916,653,541)
(753,770,896)
(922,404,760)
(443,363,830)
(829,281,999)
(464,289,308)
(703,655,808)
(50,691,874)
(881,200,511)
(59,92,532)
(706,997,846)
(352,197,672)
(278,400,876)
(962,991,16)
(241,213,921)
(169,618,268)
(698,722,314)
(314,909,873)
(63,255,708)
(906,994,204)
(178,485,355)
(360,401,24)
(701,782,961)
(475,897,806)
(554,245,319)
(114,321,819)
(827,834,270)
(718,565,926)
(424,73,184)
(324,212,719)
(516,468,281)
(321,600,707)
(906,409,216)
(860,276,486)
(598,917,197)
(155,661,791)
(813,831,427)
(857,631,462)
(927,72,443)
(961,470,341)
(115,743,563)
(19,466,729)
(440,941,128)
(63,466,676)
(463,634,838)
(134,398,838)
(292,873,642)
(360,636,633)
(315,565,566)
(595,393,801)
(453,147,695)
(87,415,743)
(28,946,937)
(838,124,231)
(697,861,776)
(658,187,716)
(512,396,509)
(512,422,410)
(92,933,862)
(484,480,972)
(802,312,579)
(557,232,306)
(140,922,748)
(718,15,339)
(527,622,166)
(77,522,473)
(168,717,132)
(500,366,222)
(14,303,167)
(560,424,490)
(905,509,234)
(410,265,650)
(717,746,817)
(892,395,312)
(893,717,979)
(385,263,230)
(74,657,612)
(566,963,720)
(526,568,604)
(804,722,700)
(205,26,590)
(244,773,703)
(186,644,242)
(463,310,501)
(714,413,755)
(146,223,744)
(18,118,343)
(317,72,495)
(459,586,142)
(682,358,548)
(571,977,319)
(58,54,552)
(422,420,953)
(477,915,708)
(720,103,328)
(27,722,184)
(286,141,292)
(841,523,165)
(930,995,388)
(470,394,693)
(846,533,318)
(477,189,977)
(927,787,183)
(366,559,166)
(996,63,957)
(726,909,867)
(154,365,15)
(489,670,255)
(417,62,441)
(376,598,348)
(62,935,187)
(756,248,642)
(555,163,860)
(603,342,393)
(320,132,168)
(884,669,51)
(269,691,633)
(254,705,374)
(477,943,992)
(840,928,567)
(827,923,359)
(63,638,36)
(473,190,657)
(809,922,778)
(587,201,903)
(943,203,585)
(311,636,48)
(449,524,675)
(770,345,416)
(279,326,668)
(406,280,396)
(522,673,975)
(9,401,564)
(876,343,893)
(5,774,39)
(239,136,422)
(539,622,619)
(753,125,576)
(288,655,209)
(908,544,51)
(805,528,395)
(679,713,850)
(886,503,690)
(183,892,542)
(835,212,820)
(29,164,495)
(13,295,175)
(289,868,332)
(947,797,165)
(798,466,107)
(401,989,510)
(503,532,147)
(767,674,650)
(871,526,310)
(296,318,596)
(482,739,660)
(393,60,63)
(128,636,391)
(182,623,476)
(145,113,456)
(718,983,226)
(197,363,338)
(270,416,229)
(844,745,971)
(368,351,813)
(884,699,931)
(411,592,556)
(437,546,785)
(320,962,868)
(609,215,734)
(14,560,44)
(941,772,426)
(664,601,92)
(940,885,904)
(895,69,549)
(749,135,698)
(498,618,776)
(494,289,842)
(871,184,902)
(391,721,83)
(617,691,315)
(679,92,503)
(239,895,75)
(407,719,117)
(53,584,218)
(909,971,79)
(796,928,922)
(861,955,492)
(407,722,247)
(223,703,779)
(799,542,296)
(817,198,577)
(921,563,716)
(329,104,41)
(178,681,593)
(399,576,316)
(246,920,244)
(905,425,87)
(884,207,44)
(634,636,839)
(967,876,912)
(259,582,404)
(650,663,656)
(781,902,348)
(954,429,756)
(370,849,178)
(63,19,110)
(144,736,370)
(863,686,209)
(959,800,165)
(717,239,501)
(12,267,298)
(180,930,614)
(911,455,625)
(26,735,75)
(732,280,421)
(109,931,131)
(905,301,94)
(87,416,403)
(48,398,786)
(454,275,315)
(60,898,522)
(188,656,991)
(596,650,407)
(196,793,821)
(976,590,783)
(466,699,438)
(173,349,267)
(69,701,665)
(937,232,947)
(425,696,654)
(77,373,917)
(772,599,264)
(401,844,689)
(793,517,955)
(297,991,127)
(687,484,658)
(900,678,708)
(57,636,45)
(673,825,797)
(303,251,227)
(952,749,884)
(138,241,500)
(821,779,670)
(136,981,192)
(813,533,487)
(892,471,171)
(453,199,734)
(863,842,942)
(94,590,720)
(742,276,30)
(961,886,930)
(237,293,956)
(119,848,459)
(772,698,163)
(368,771,91)
(70,75,509)
(872,488,991)
(168,977,594)
(732,135,102)
(449,338,647)
(969,834,642)
(869,509,584)
(58,676,975)
(563,762,431)
(262,405,448)
(742,264,2)
(738,420,502)
(53,70,108)
(230,808,17)
(597,957,331)
(493,645,168)
(611,8,196)
(627,837,476)
(728,903,141)
(799,725,81)
(317,351,771)
(683,849,197)
(411,719,797)
(742,66,344)
(288,312,510)
(345,184,172)
(109,507,732)
(286,897,582)
(908,958,52)
(44,578,106)
(755,384,819)
(15,643,262)
(428,6,309)
(967,94,811)
(681,639,527)
(694,779,23)
(148,640,312)
(16,292,123)
(552,68,561)
(323,295,259)
(386,870,16)
(392,103,312)
(996,333,687)
(660,791,744)
(247,717,107)
(77,494,505)
(827,320,145)
(883,711,728)
(742,497,945)
(934,208,363)
(759,301,103)
(559,188,197)
(956,174,568)
(927,374,128)
(965,290,682)
(163,883,26)
(857,61,46)
(202,8,934)
(944,374,159)
(616,583,266)
(692,467,785)
(497,328,205)
(428,904,174)
(632,340,23)
(105,401,125)
(85,192,854)
(615,81,365)
(392,682,969)
(744,221,723)
(416,586,10)
(655,352,455)
(43,327,482)
(566,841,294)
(949,36,891)
(461,131,502)
(510,20,344)
(530,239,74)
(280,180,335)
(710,712,370)
(23,602,916)
(159,645,90)
(41,318,323)
(805,880,1)
(106,27,47)
(659,279,395)
(507,631,859)
(155,484,21)
(914,52,916)
(649,415,317)
(231,319,470)
(317,189,915)
(4,843,941)
(717,689,442)
(808,548,763)
(79,530,107)
(22,635,818)
(970,343,293)
(846,809,270)
(421,395,624)
(178,479,234)
(130,64,584)
(800,97,265)
(784,958,961)
(444,777,624)
(691,525,749)
(635,856,923)
(950,685,308)
(460,697,490)
(491,510,372)
(678,576,298)
(656,35,225)
(56,513,378)
(450,238,621)
(974,859,890)
(234,967,715)
(515,633,418)
(832,356,342)
(733,563,282)
(784,66,223)
(768,479,287)
(267,473,329)
(668,750,251)
(271,977,635)
(245,960,863)
(448,361,465)
(184,635,8)
(955,952,367)
(723,452,194)
(331,176,483)
(807,14,20)
(509,99,796)
(95,749,415)
(879,480,808)
(157,997,679)
(295,130,88)
(837,208,774)
(598,3,83)
(945,56,79)
(627,396,704)
(535,483,430)
(646,349,462)
(666,867,525)
(890,514,982)
(259,828,313)
(586,898,182)
(730,888,897)
(687,237,292)
(107,8,118)
(364,530,996)
(735,855,655)
(324,85,217)
(180,76,488)
(72,8,194)
(766,999,614)
(291,934,971)
(341,77,799)
(886,760,75)
(673,885,866)
(368,360,634)
(576,907,854)
(224,737,800)
(398,953,718)
(523,167,314)
(893,71,199)
(302,845,859)
(500,891,694)
(97,842,889)
(88,880,931)
(548,498,745)
(35,360,900)
(796,440,168)
(627,351,657)
(212,500,826)
(959,169,345)
(616,869,557)
(310,875,314)
(40,65,320)
(130,485,260)
(471,647,23)
(179,645,62)
(721,552,5)
(757,945,887)
(643,69,376)
(836,385,266)
(508,933,946)
(621,889,366)
(823,889,448)
(199,347,730)
(70,156,211)
(867,772,102)
(103,870,411)
(716,413,173)
(669,845,680)
(726,781,702)
(225,291,160)
(407,721,992)
(75,456,598)
(397,843,93)
(462,675,805)
(125,916,594)
(295,65,104)
(633,825,938)
(963,285,695)
(437,288,462)
(487,413,315)
(59,508,925)
(818,424,606)
(386,844,889)
(88,860,563)
(209,929,296)
(180,722,204)
(892,850,248)
(504,592,358)
(578,960,921)
(319,120,152)
(963,239,431)
(640,823,720)
(886,596,561)
(573,663,840)
(336,148,912)
(681,729,602)
(645,56,808)
(547,23,246)
(597,950,279)
(916,721,735)
(388,93,467)
(905,687,420)
(831,589,295)
(116,414,691)
(738,42,736)
(852,463,762)
(560,854,288)
(579,138,346)
(640,167,195)
(58,983,63)
(403,314,994)
(649,686,113)
(162,619,448)
(120,522,174)
(339,834,962)
(66,212,904)
(452,745,977)
(522,66,558)
(170,775,33)
(396,432,943)
(825,221,971)
(299,80,519)
(800,625,895)
(103,563,835)
(774,843,435)
(835,424,649)
(744,648,731)
(969,253,663)
(402,793,822)
(735,642,875)
(892,904,507)
(527,560,68)
(883,65,319)
(815,187,866)
(50,652,324)
(935,258,70)
(882,307,329)
(223,893,858)
(767,320,84)
(671,297,25)
(458,228,538)
(721,533,872)
(235,763,280)
(34,362,87)
(8,575,235)
(915,660,854)
(498,570,158)
(509,345,88)
(157,76,977)
(126,142,617)
(935,845,903)
(243,328,922)
(354,415,993)
(615,580,230)
(306,647,816)
(333,882,344)
(903,748,360)
(894,824,360)
(995,935,761)
(977,492,528)
(451,960,369)
(738,103,29)
(996,893,888)
(114,742,108)
(664,618,784)
(753,784,317)
(380,222,454)
(240,264,371)
(885,304,382)
(803,489,390)
(219,876,909)
(362,944,318)
(344,440,717)
(459,389,587)
(879,776,259)
(142,497,66)
(669,754,68)
(678,20,818)
(810,821,333)
(674,622,891)
(738,120,802)
(108,246,452)
(685,91,380)
(156,160,3)
(543,834,8)
(774,404,198)
(409,985,294)
(464,700,558)
(507,707,941)
(579,886,263)
(949,586,741)
(84,668,301)
(856,314,681)
(254,345,14)
(242,234,757)
(507,638,711)
(891,276,974)
(238,321,181)
(330,207,291)
(213,965,706)
(698,852,600)
(369,845,259)
(275,821,16)
(33,507,225)
(188,374,17)
(415,248,87)
(750,58,553)
(599,811,404)
(315,275,432)
(951,967,931)
(303,615,956)
(459,945,418)
(669,962,121)
(739,434,868)
(527,664,242)
(621,604,630)
(773,905,757)
(725,947,651)
(355,625,167)
(799,34,42)
(169,394,138)
(723,287,913)
(375,850,174)
(575,150,647)
(76,233,520)
(373,499,791)
(46,171,869)
(509,124,906)
(267,708,166)
(70,47,524)
(975,479,553)
(585,494,481)
(855,969,257)
(967,598,783)
(303,981,408)
(544,284,831)
(378,280,183)
(994,47,784)
(753,460,609)
(803,972,433)
(477,820,415)
(697,477,957)
(466,212,529)
(989,359,977)
(61,364,914)
(743,843,783)
(29,955,423)
(273,20,465)
(8,616,250)
(831,480,782)
(144,931,866)
(392,571,869)
(330,861,278)
(649,360,71)
(777,439,243)
(96,694,355)
(620,238,980)
(445,868,168)
(717,205,934)
(929,890,46)
(796,43,516)
(133,306,762)
(457,126,62)
(838,402,997)
(528,802,567)
(90,927,133)
(455,705,476)
(284,933,374)
(710,760,236)
(711,167,827)
(836,832,426)
(609,920,929)
(336,38,37)
(26,635,651)
(624,907,551)
(108,932,878)
(988,951,557)
(490,585,505)
(702,253,677)
(59,665,541)
(86,61,141)
(434,204,454)
(291,952,470)
(901,11,424)
(112,460,791)
(254,667,937)
(305,419,83)
(593,643,698)
(598,786,258)
(90,428,262)
(489,55,431)
(859,721,701)
(347,30,168)
(703,552,275)
(495,973,139)
(383,252,167)
(994,798,188)
(28,914,297)
(103,104,574)
(955,536,507)
(780,313,122)
(289,743,593)
(412,167,304)
(352,705,688)
(458,204,370)
(966,190,848)
(646,668,633)
(4,665,212)
(396,974,929)
(817,929,215)
(146,395,66)
(992,285,786)
(947,123,151)
(348,740,37)
(121,113,9)
(776,258,446)
(367,285,548)
(668,447,102)
(11,308,18)
(347,303,120)
(194,666,490)
(403,486,893)
(929,16,553)
(498,330,950)
(76,151,502)
(382,149,588)
(929,659,673)
(368,569,667)
(270,770,987)
(554,597,135)
(396,595,97)
(543,386,633)
(505,807,581)
(57,136,566)
(282,946,309)
(641,52,989)
(85,174,444)
(929,439,842)
(329,825,137)
(906,659,844)
(215,351,991)
(398,366,1)
(548,466,469)
(359,190,390)
(934,629,140)
(218,163,288)
(242,944,672)
(971,11,146)
(746,762,672)
(467,821,527)
(985,183,494)
(896,543,630)
(153,958,302)
(937,859,994)
(202,395,731)
(977,903,4)
(907,382,13)
(711,974,809)
(670,917,95)
(210,415,421)
(9,558,384)
(171,296,361)
(294,424,953)
(150,907,525)
(852,244,91)
(245,336,215)
(99,269,529)
(541,227,896)
(830,705,47)
(792,521,965)
(826,182,913)
(668,103,920)
(630,839,849)
(193,371,803)
(983,429,702)
(970,365,51)
(484,32,912)
(552,492,814)
(297,970,354)
(764,895,609)
(311,981,738)
(53,144,343)
(253,553,219)
(322,694,815)
(310,162,594)
(574,568,420)
(288,202,808)
(798,486,635)
(654,903,529)
(24,258,473)
(304,357,82)
(319,660,319)
(331,246,5)
(78,625,851)
(959,425,816)
(726,277,533)
(605,983,905)
(981,911,104)
(252,50,140)
(704,56,107)
(484,315,17)
(110,768,279)
(1,943,890)
(694,364,980)
(885,12,247)
(49,142,497)
(260,750,464)
(372,855,714)
(435,885,898)
(911,674,285)
(698,897,278)
(145,992,164)
(606,560,907)
(669,763,695)
(128,676,122)
(785,838,432)
(85,788,337)
(502,91,322)
(947,935,635)
(692,192,99)
(528,123,55)
(503,137,165)
(227,956,173)
(86,366,216)
(820,847,264)
(164,402,789)
(543,935,81)
(723,465,146)
(865,381,292)
(784,205,7)
(302,3,165)
(960,163,400)
(708,128,233)
(446,550,342)
(640,114,52)
(223,686,302)
(21,812,308)
(237,721,612)
(925,435,542)
(943,416,877)
(29,357,388)
(217,472,823)
(8,617,40)
(502,614,867)
(993,774,265)
(537,885,102)
(31,259,540)
(941,275,222)
(931,254,300)
(858,258,131)
(503,751,748)
(570,841,438)
(553,592,723)
(222,569,356)
(606,745,736)
(42,470,874)
(573,603,40)
(262,282,277)
(530,852,964)
(684,108,362)
(829,394,889)
(95,324,62)
(726,288,400)
(896,641,457)
(911,500,508)
(475,373,435)
(899,841,788)
(598,917,78)
(889,794,992)
(337,234,445)
(338,23,988)
(145,519,64)
(891,490,410)
(728,870,35)
(843,4,570)
(526,936,755)
(627,214,994)
(756,610,544)
(89,622,481)
(913,665,184)
(172,602,224)
(218,137,524)
(256,339,243)
(213,307,893)
(316,100,787)
(253,201,542)
(137,800,522)
(499,473,797)
(855,4,195)
(75,117,563)
(709,536,88)
(871,402,172)
(860,944,244)
(166,824,674)
(395,19,97)
(542,445,947)
(398,531,719)
(201,395,989)
(735,751,989)
(229,589,165)
(430,328,600)
(998,890,994)
(825,172,594)
(587,987,349)
(548,461,468)
(160,688,632)
(104,904,43)
(456,13,757)
(210,38,813)
(629,221,985)
(812,615,753)
(935,237,249)
(484,106,799)
(331,318,605)
(708,528,810)
(531,366,117)
(82,380,295)
(24,633,922)
(542,851,934)
(554,420,590)
(960,891,740)
(80,711,595)
(12,477,940)
(93,36,360)
(803,8,733)
(116,764,463)
(737,315,360)
(879,16,464)
(815,723,357)
(752,599,696)
(19,215,487)
(506,310,294)
(445,545,730)
(961,446,605)
(298,817,839)
(945,425,599)
(312,269,192)
(377,310,182)
(950,83,797)
(704,251,950)
(369,59,617)
(476,573,14)
(389,41,714)
(829,944,177)
(134,70,841)
(135,969,172)
(771,148,681)
(124,540,151)
(461,430,451)
(310,871,139)
(620,46,930)
(328,634,983)
(976,770,930)
(540,182,863)
(348,604,25)
(893,589,249)
(118,124,88)
(256,839,63)
(833,740,702)
(340,793,270)
(519,719,551)
(691,979,285)
(184,118,953)
(547,514,64)
(416,730,105)
(262,977,861)
(680,713,795)
(303,909,741)
(212,798,271)
(819,804,139)
(501,961,576)
(260,815,527)
(269,11,737)
(301,410,773)
(677,259,766)
(14,278,837)
(820,843,310)
(63,480,183)
(171,985,766)
(656,253,616)
(401,28,547)
(367,360,237)
(766,120,991)
(885,842,458)
(550,130,512)
(825,39,684)
(664,13,458)
(546,500,706)
(617,24,762)
(927,291,101)
(721,766,750)
(902,745,152)
(553,330,443)
(814,164,86)
(646,582,638)
(105,315,893)
(167,644,777)
(573,321,112)
(539,97,236)
(873,782,457)
(18,662,706)
(982,355,260)
(919,438,119)
(620,853,901)
(750,122,762)
(467,15,674)
(754,480,592)
(420,882,927)
(822,45,550)
(850,236,600)
(385,882,375)
(156,719,406)
(645,25,250)
(519,13,741)
(738,962,964)
(3,788,385)
(278,57,11)
(525,474,953)
(459,828,146)
(768,409,591)
(266,158,302)
(686,10,562)
(284,115,896)
(210,60,998)
(478,966,251)
(166,766,890)
(406,937,748)
(952,913,615)
(700,167,156)
(398,512,454)
(891,644,107)
(824,17,529)
(917,754,418)
(716,595,381)
(144,468,943)
(628,136,319)
(799,674,290)
(688,776,833)
(388,554,986)
(299,24,135)
(840,540,102)
(54,74,82)
(675,719,415)
(269,798,782)
(355,426,725)
(294,891,880)
(864,74,980)
(90,793,755)
(609,261,263)
(402,69,140)
(71,85,232)
(369,561,367)
(552,810,118)
(426,925,73)
(568,924,953)
(561,378,779)
(529,944,373)
(284,333,152)
(514,967,179)
(698,349,963)
(998,732,490)
(635,449,369)
(392,988,131)
(911,428,388)
(546,812,51)
(937,349,806)
(334,117,44)
(895,445,86)
(988,430,984)
(68,363,913)
(264,112,747)
(545,846,279)
(15,487,619)
(911,224,874)
(542,738,111)
(874,659,531)
(306,789,931)
(741,373,289)
(770,600,683)
(983,786,657)
(167,506,136)
(623,828,79)
(578,724,83)
(877,321,654)
(122,860,721)
(146,861,974)
(135,576,743)
(444,11,181)
(245,667,420)
(423,843,679)
(582,202,595)
(776,181,663)
(918,338,384)
(202,217,965)
(209,42,598)
(159,620,614)
(336,165,640)
(427,631,243)
(417,95,474)
(294,878,94)
(315,704,662)
(806,552,84)
(365,664,990)
(749,41,46)
(581,278,497)
(560,833,680)
(503,250,912)
(114,114,670)
(586,298,270)
(713,396,151)
(785,405,485)
(794,455,863)
(925,328,370)
(909,611,541)
(114,938,512)
(763,112,492)
(880,390,929)
(866,114,5)
(453,741,956)
(198,460,448)
(314,775,334)
(12,443,599)
(684,976,678)
(807,560,299)
(62,71,371)
(266,834,53)
(26,820,979)
(151,698,674)
(181,637,777)
(818,941,8)
(70,11,563)
(140,817,742)
(902,649,837)
(746,865,440)
(970,641,196)
(721,170,465)
(580,877,396)
(397,575,400)
(153,258,820)
(847,759,493)
(585,789,30)
(591,149,731)
(127,507,304)
(836,334,36)
(497,311,830)
(70,413,654)
(547,646,560)
(879,244,709)
(234,835,560)
(423,652,765)
(835,644,347)
(539,571,783)
(226,865,241)
(297,289,797)
(252,57,411)
(943,14,893)
(399,127,268)
(985,654,343)
(819,529,407)
(523,278,734)
(35,135,983)
(108,726,63)
(250,516,998)
(874,434,917)
(199,568,701)
(174,121,605)
(993,28,565)
(587,998,679)
(705,61,147)
(842,84,171)
(982,265,736)
(937,143,796)
(11,176,856)
(677,45,257)
(937,850,804)
(311,704,255)
(262,785,808)
(494,422,722)
(181,595,785)
(18,325,356)
(702,45,364)
(334,299,609)
(160,675,8)
(428,241,322)
(326,909,768)
(150,871,251)
(250,804,885)
(817,724,794)
(521,131,850)
(960,349,393)
(795,786,896)
(155,68,373)
(290,857,599)
(172,703,297)
(145,501,645)
(296,357,325)
(195,46,618)
(380,103,741)
(941,810,970)
(69,693,302)
(97,54,576)
(90,93,71)
(528,429,358)
(695,975,276)
(186,349,768)
(140,978,385)
(249,886,1)
(450,752,507)
(667,824,418)
(223,338,350)
(550,637,355)
(833,56,120)
(972,406,649)
(598,281,791)
(235,610,681)
(774,867,909)
(127,478,512)
(221,675,999)
(265,318,756)
(54,109,486)
(978,594,999)
(824,616,315)
(149,689,914)
(672,237,697)
(635,641,110)
(304,531,260)
(399,17,750)
(226,401,388)
(883,690,807)
(983,408,456)
(966,191,438)
(753,626,288)
(536,691,496)
(968,591,789)
(735,712,72)
(465,670,296)
(53,34,417)
(76,805,2)
(108,643,175)
(86,863,768)
(195,317,433)
(759,173,952)
(956,333,84)
(635,200,502)
(344,721,236)
(37,867,419)
(68,919,91)
(552,112,15)
(476,527,683)
(380,966,165)
(971,132,966)
(177,357,807)
(524,48,33)
(914,516,640)
(944,303,24)
(360,454,199)
(489,485,573)
(344,927,183)
(833,266,241)
(209,653,582)
(243,218,275)
(203,878,170)
(635,981,479)
(999,246,10)
(616,308,326)
(521,680,426)
(591,379,875)
(832,245,223)
(913,693,703)
(454,692,945)
(148,547,980)
(259,123,139)
(665,621,687)
(703,538,660)
(230,211,919)
(543,673,745)
(547,881,655)
(544,489,857)
(729,330,737)
(160,5,915)
(223,428,902)
(598,861,928)
(792,619,423)
(322,86,308)
(320,69,188)
(723,650,703)
(691,983,23)
(217,824,778)
(249,107,833)
(179,435,444)
(752,991,124)
(842,5,348)
(173,790,917)
(851,697,656)
(538,434,390)
(529,172,337)
(698,160,94)
(18,978,105)
(947,851,612)
(510,777,605)
(723,219,996)
(806,241,590)
(902,470,485)
(732,77,726)
(182,143,856)
(623,826,109)
(558,544,252)
(287,304,997)
(801,360,625)
(389,543,120)
(829,358,691)
(687,704,326)
(194,388,376)
(106,143,745)
(385,190,25)
(163,248,890)
(357,581,812)
(789,175,623)
(210,691,937)
(941,53,212)
(991,156,746)
(47,592,216)
(545,520,475)
(717,723,616)
(684,761,23)
(618,422,397)
(635,735,815)
(363,361,619)
(54,361,205)
(54,964,448)
(736,769,691)
(913,156,254)
(617,982,441)
(155,964,72)
(462,52,310)
(327,520,874)
(962,738,519)
(815,204,953)
(297,607,541)
(544,747,599)
(359,524,811)
(160,432,755)
(492,157,200)
(526,117,940)
(520,785,170)
(963,803,871)
(451,725,726)
(640,134,515)
(456,192,945)
(447,551,893)
(303,251,242)
(599,652,919)
(362,578,530)
(559,350,630)
(942,306,271)
(587,95,748)
(510,425,28)
(66,20,615)
(831,443,365)
(554,29,321)
(398,406,137)
(383,208,667)
(740,385,980)
(154,640,375)
(610,671,781)
(269,677,827)
(865,725,175)
(800,403,209)
(220,269,802)
(419,776,930)
(633,507,96)
(396,661,686)
(761,955,665)
(832,453,535)
(106,847,664)
(897,714,963)
(140,313,965)
(149,848,384)
(859,683,782)
(449,679,779)
(718,291,540)
(159,454,873)
(655,585,520)
(117,843,439)
(287,473,950)
(658,991,668)
(170,757,624)
(550,878,510)
(763,56,670)
(63,271,364)
(212,260,671)
(369,909,976)
(292,856,204)
(682,834,125)
(736,511,40)
(465,821,642)
(533,6,557)
(10,679,347)
(351,224,33)
(98,832,481)
(217,46,188)
(289,934,752)
(124,913,924)
(258,960,959)
(503,489,858)
(709,59,324)
(490,72,702)
(611,315,363)
(364,853,357)
(174,542,333)
(99,225,726)
(143,304,148)
(853,161,360)
(406,845,197)
(37,88,836)
(850,888,3)
(270,122,248)
(502,670,313)
(877,563,107)
(764,895,78)
(687,833,931)
(827,924,143)
(80,360,160)
(137,277,674)
(694,425,993)
(642,779,54)
(276,413,505)
(922,685,849)
(190,215,188)
(924,466,7)
(875,868,699)
(737,934,945)
(52,853,725)
(465,121,474)
(373,288,484)
(189,268,731)
(938,805,847)
(188,443,616)
(876,446,353)
(862,216,326)
(855,883,280)
(998,317,686)
(904,438,31)
(845,74,719)
(864,974,73)
(436,950,121)
(530,666,439)
(551,15,647)
(28,619,746)
(153,934,769)
(152,726,919)
(742,495,465)
(535,561,306)
(489,717,367)
(998,712,32)
(347,964,850)
(821,352,966)
(51,725,429)
(508,68,183)
(479,872,911)
(638,806,944)
(833,595,158)
(642,156,578)
(555,976,789)
(954,266,603)
(655,650,976)
(206,213,546)
(579,255,991)
(885,600,283)
(261,849,914)
(832,79,127)
(198,841,321)
(770,574,811)
(524,273,464)
(469,657,369)
(157,836,639)
(917,852,413)
(744,79,494)
(892,56,478)
(819,666,86)
(933,622,9)
(591,784,140)
(77,9,238)
(774,728,144)
(569,666,109)
(199,557,920)
(747,775,185)
(150,574,610)
(566,129,204)
(993,496,339)
(203,673,201)
(157,4,601)
(647,293,961)
(404,908,891)
(146,92,727)
(976,518,268)
(102,762,17)
(917,233,201)
(471,203,776)
(373,812,561)
(187,176,881)
(731,202,87)
(541,829,936)
(152,707,741)
(46,50,79)
(855,184,339)
(835,888,125)
(745,167,186)
(386,771,441)
(244,351,835)
(538,697,341)
(551,711,920)
(261,164,734)
(81,506,800)
(988,35,762)
(766,972,94)
(498,730,948)
(305,415,46)
(337,918,9)
(232,54,750)
(532,139,164)
(69,683,23)
(262,836,492)
(65,203,63)
(753,225,161)
(773,732,346)
(427,781,579)
(202,676,383)
(119,200,538)
(126,452,43)
(632,686,937)
(159,410,437)
(960,859,786)
(383,771,481)
(301,874,817)
(14,533,324)
(865,102,952)
(661,465,200)
(274,890,627)
(607,408,242)
(224,877,625)
(262,576,525)
(300,115,197)
(614,573,258)
(801,314,976)
(543,379,853)
(958,984,992)
(678,154,519)
(658,912,703)
(100,394,68)
(789,472,794)
(356,431,991)
(452,589,965)
(495,959,937)
(574,947,474)
(907,490,678)
(847,154,893)
(867,275,688)
(220,187,260)
(918,912,709)
(191,35,282)
(544,343,770)
(390,498,447)
(844,958,778)
(102,598,886)
(401,335,591)
(637,818,956)
(690,175,897)
(339,141,711)
(331,680,995)
(543,373,531)
(999,468,974)
(104,400,639)
(957,489,162)
(220,640,344)
(608,92,736)
(750,47,8)
(666,567,215)
(934,708,891)
(807,963,405)
(40,631,230)
(480,837,158)
(53,586,178)
(395,66,943)
(214,235,524)
(168,740,298)
(54,22,56)
(60,961,320)
(207,899,758)
(909,749,201)
(280,856,683)
(875,41,756)
(918,549,811)
(380,234,982)
(394,721,36)
(936,777,931)
(880,917,901)
(417,80,918)
(41,731,628)
(534,863,869)
(171,139,219)
(36,366,34)
(227,885,716)
(770,228,92)
(103,304,797)
(127,147,455)
(615,304,605)
(167,865,594)
(925,978,852)
(405,356,634)
(286,2,317)
(902,979,350)
(880,22,973)
(635,720,289)
(70,776,226)
(761,247,584)
(130,888,857)
(185,612,969)
(941,247,305)
(412,317,458)
(861,301,409)
(298,45,984)
(593,336,778)
(39,497,497)
(267,680,469)
(46,461,883)
(89,4,629)
(877,384,302)
(721,466,261)
(207,203,75)
(929,340,204)
(815,282,475)
(772,495,598)
(320,445,205)
(498,773,288)
(943,871,515)
(632,876,455)
(239,106,174)
(368,200,214)
(606,41,574)
(257,448,526)
(27,719,511)
(700,853,260)
(717,75,367)
(452,43,230)
(778,232,661)
(68,384,78)
(534,553,797)
(175,852,472)
(931,207,189)
(874,456,373)
(712,744,164)
(557,839,177)
(258,321,867)
(66,669,816)
(432,232,741)
(729,404,985)
(317,347,664)
(110,276,135)
(33,715,81)
(376,427,965)
(112,677,476)
(931,496,928)
(270,189,913)
(743,472,207)
(377,922,687)
(884,796,474)
(579,606,381)
(171,81,121)
(322,488,417)
(504,799,455)
(457,185,584)
(161,737,764)
(15,863,469)
(552,354,487)
(563,891,563)
(823,88,304)
(179,928,219)
(162,354,368)
(384,44,600)
(16,181,701)
(610,951,988)
(675,852,653)
(449,661,753)
(191,52,520)
(27,238,285)
(607,189,96)
(144,63,629)
(197,559,940)
(859,649,971)
(339,614,550)
(140,519,958)
(633,736,198)
(953,531,271)
(979,329,387)
(201,610,620)
(249,925,547)
(856,342,930)
(28,212,194)
(789,891,510)
(767,235,415)
(137,501,66)
(951,165,911)
(215,466,992)
(395,56,722)
(73,523,274)
(94,735,443)
(339,13,383)
(666,675,542)
(495,726,665)
(470,458,695)
(457,562,311)
(304,832,310)
(105,337,58)
(79,487,120)
(525,278,760)
(239,82,511)
(433,27,654)
(50,880,360)
(53,350,605)
(339,970,131)
(168,270,160)
(321,82,727)
(48,600,446)
(939,567,186)
(604,324,569)
(392,365,467)
(150,214,732)
(981,29,863)
(11,395,781)
(688,118,6)
(653,101,787)
(378,533,963)
(917,634,146)
(547,726,401)
(736,996,623)
(860,674,214)
(354,692,88)
(534,501,78)
(187,607,209)
(397,904,756)
(271,599,607)
(292,630,388)
(629,67,666)
(670,892,315)
(272,278,358)
(835,26,460)
(223,720,840)
(620,719,35)
(275,567,474)
(401,382,489)
(548,998,325)
(943,259,653)
(587,585,681)
(992,670,379)
(483,306,736)
(853,713,364)
(584,382,588)
(779,285,807)
(722,783,135)
(320,836,765)
(565,565,233)
(662,277,12)
(730,984,531)
(865,217,365)
(285,191,381)
(743,56,278)
(413,434,255)
(220,81,22)
(653,828,195)
(491,671,426)
(125,759,204)
(369,481,345)
(230,121,45)
(707,627,226)
(297,629,115)
(563,422,865)
(286,518,48)
(134,519,284)
(435,339,796)
(738,100,689)
(571,620,370)
(702,774,483)
(20,739,470)
(282,948,170)
(591,873,292)
(185,148,275)
(104,294,610)
(482,626,77)
(297,225,309)
(488,29,237)
(518,814,378)
(644,684,855)
(729,605,425)
(314,806,718)
(109,134,101)
(246,122,443)
(592,422,424)
(718,504,116)
(208,858,768)
(808,538,597)
(508,423,620)
(374,79,185)
(174,364,391)
(979,507,562)
(91,189,625)
(999,35,660)
(508,690,275)
(331,837,992)
(672,110,996)
(87,361,462)
(961,529,913)
(254,182,203)
(251,365,971)
(767,231,995)
(735,25,115)
(767,263,289)
(539,707,332)
(834,802,261)
(636,851,797)
(625,271,919)
(413,888,155)
(290,35,250)
(770,98,113)
(418,371,42)
(968,677,937)
(71,331,192)
(239,244,445)
(972,467,495)
(681,14,733)
(784,276,318)
(302,719,785)
(730,539,905)
(217,957,592)
(738,391,931)
(549,355,739)
(634,13,269)
(579,224,415)
(51,487,992)
(8,632,930)
(793,415,593)
(238,5,35)
(635,16,841)
(76,772,163)
(723,333,473)
(253,354,598)
(226,343,5)
(528,963,88)
(445,743,702)
(312,813,974)
(297,129,824)
(650,765,535)
(753,897,416)
(219,154,560)
(81,622,702)
(110,227,3)
(953,420,522)
(951,993,106)
(463,244,776)
(727,932,543)
