(812,485,17)
(604,118,843)
(419,885,169)
(910,809,167)
(408,262,487)
(881,522,316)
(415,148,143)
(379,743,265)
(340,734,629)
(49,486,439)
(109,180,281)
(293,918,104)
(603,857,523)
(616,107,352)
(245,379,62)
(847,544,625)
(104,527,233)
(273,60,706)
(267,702,343)
(680,56,945)
(428,144,950)
(345,877,232)
(975,974,803)
(561,677,163)
(801,993,889)
(35,553,481)
(991,449,822)
(280,548,874)
(642,855,291)
(476,743,740)
(512,369,670)
(465,369,235)
(459,502,925)
(908,520,183)
(303,191,374)
(503,94,46)
(882,680,926)
(709,780,910)
(577,951,817)
(782,726,413)
(505,308,52)
(13,878,396)
(914,260,940)
(253,752,435)
(453,807,829)
(277,369,969)
(913,784,315)
(185,983,455)
(287,954,560)
(795,822,286)
(249,623,804)
(163,657,255)
(565,955,307)
(299,725,216)
(704,276,561)
(761,113,938)
(707,1,258)
(128,554,626)
(122,829,116)
(817,780,902)
(294,234,15)
(854,391,285)
(10,129,420)
(943,169,962)
(549,658,347)
(19,46,102)
(145,615,117)
(17,719,74)
(394,847,82)
(876,450,944)
(398,794,148)
(718,523,823)
(269,450,92)
(437,86,46)
(92,407,504)
(886,788,459)
(95,477,811)
(449,435,949)
(498,563,18)
(655,626,114)
(832,492,962)
(54,116,276)
(835,560,477)
(49,337,668)
(440,939,269)
(295,896,438)
(798,939,148)
(88,863,531)
(40,972,424)
(995,585,140)
(402,540,960)
(265,697,376)
(139,336,778)
(112,675,594)
(872,360,348)
(420,960,490)
(323,226,833)
(209,957,920)
(769,225,73)
(366,131,469)
(136,869,820)
(721,676,897)
(202,396,870)
(424,446,335)
(611,70,895)
(659,144,98)
(697,485,66)
(902,518,71)
(274,368,541)
(236,825,736)
(77,59,355)
(490,95,917)
(249,238,91)
(877,797,469)
(406,432,570)
(170,472,589)
(447,679,679)
(708,856,518)
(541,775,596)
(58,814,761)
(769,291,207)
(666,962,739)
(433,570,289)
(483,417,298)
(962,25,935)
(567,770,798)
(661,121,373)
(993,253,396)
(97,28,783)
(704,592,764)
(45,817,39)
(147,938,600)
(174,52,997)
(346,455,932)
(675,288,200)
(8,545,288)
(733,706,133)
(379,790,546)
(465,821,142)
(941,65,239)
(289,289,47)
(302,829,999)
(537,478,346)
(235,483,925)
(949,270,752)
(622,949,565)
(547,738,640)
(962,590,100)
(736,440,697)
(241,318,81)
(319,876,660)
(775,245,994)
(805,107,330)
(853,474,545)
(853,210,496)
(357,852,980)
(800,599,590)
(449,470,217)
(38,546,283)
(395,498,793)
(732,685,462)
(699,396,313)
(775,607,280)
(671,901,530)
(109,421,482)
(936,835,934)
(118,528,919)
(422,500,393)
(603,421,602)
(667,957,42)
(449,898,989)
(147,666,381)
(635,164,285)
(29,601,60)
(502,492,610)
(179,927,474)
(143,697,17)
(864,574,919)
(366,683,912)
(531,169,375)
(426,226,134)
(609,154,212)
(118,132,85)
(818,445,638)
(970,192,60)
(868,683,450)
(333,765,876)
(268,40,459)
(220,689,384)
(510,293,330)
(248,279,921)
(790,426,905)
(805,464,489)
(304,590,540)
(306,940,846)
(502,683,527)
(154,809,343)
(801,871,709)
(711,523,841)
(18,974,487)
(810,15,851)
(2,462,884)
(374,252,793)
(429,248,372)
(339,884,853)
(409,512,704)
(876,333,20)
(828,823,913)
(184,797,229)
(322,639,838)
(383,40,461)
(211,202,217)
(63,443,696)
(314,974,784)
(632,745,520)
(681,887,921)
(425,970,533)
(986,249,260)
(525,730,707)
(619,423,223)
(293,926,303)
(657,735,63)
(934,552,855)
(660,167,912)
(486,752,962)
(248,824,757)
(239,176,645)
(223,707,890)
(802,251,122)
(555,989,980)
(375,507,566)
(528,752,96)
(44,365,133)
(86,47,287)
(995,523,188)
(580,451,688)
(744,878,776)
(80,833,147)
(805,527,281)
(381,394,988)
(194,686,675)
(342,83,668)
(293,74,987)
(854,800,553)
(957,933,930)
(665,184,200)
(243,26,863)
(130,267,522)
(858,556,611)
(875,525,210)
(979,978,252)
(356,120,319)
(597,558,666)
(401,849,340)
(888,886,639)
(162,14,974)
(446,884,953)
(665,324,966)
(818,548,361)
(985,894,91)
(467,616,301)
(711,566,977)
(212,714,86)
(690,87,278)
(629,21,602)
(130,164,982)
(473,284,24)
(686,360,526)
(415,678,887)
(157,252,734)
(354,492,724)
(745,273,780)
(260,311,612)
(742,441,336)
(493,130,631)
(241,189,391)
(276,649,728)
(346,46,44)
(29,621,748)
(130,397,915)
(360,212,596)
(887,183,477)
(169,557,432)
(569,150,344)
(371,145,444)
(203,880,551)
(98,478,351)
(675,992,754)
(551,549,836)
(333,423,969)
(331,862,936)
(499,345,215)
(254,718,136)
(322,304,674)
(10,57,590)
(295,961,277)
(271,420,419)
(353,213,784)
(179,347,136)
(7,158,454)
(171,227,165)
(331,579,597)
(249,483,612)
(910,134,830)
(331,334,53)
(243,595,349)
(422,468,26)
(907,246,969)
(226,841,251)
(352,209,124)
(844,89,540)
(713,707,945)
(646,849,149)
(772,854,731)
(977,413,946)
(924,729,201)
(766,577,243)
(257,107,334)
(518,377,328)
(388,493,634)
(309,50,383)
(242,448,430)
(478,312,95)
(961,928,444)
(375,505,598)
(811,729,19)
(457,106,109)
(910,767,274)
(894,608,647)
(640,603,687)
(217,135,943)
(283,251,797)
(945,467,500)
(209,709,905)
(722,568,93)
(824,28,967)
(631,973,549)
(728,74,525)
(865,935,490)
(343,141,83)
(323,373,270)
(577,17,832)
(978,739,680)
(671,495,751)
(651,29,506)
(751,570,291)
(252,108,64)
(784,943,738)
(769,483,162)
(948,533,811)
(813,435,775)
(933,833,369)
(924,677,794)
(372,196,473)
(46,486,769)
(942,725,767)
(239,7,302)
(917,629,950)
(260,684,771)
(122,276,830)
(899,227,391)
(638,796,340)
(232,693,901)
(443,818,900)
(857,700,381)
(72,686,625)
(102,538,629)
(173,949,864)
(327,954,740)
(807,568,369)
(235,12,33)
(89,61,891)
(862,429,20)
(900,203,26)
(917,652,542)
(175,814,54)
(302,702,778)
(462,910,822)
(43,904,268)
(869,249,290)
(93,292,314)
(960,380,361)
(817,41,773)
(829,310,716)
(547,289,110)
(770,592,602)
(824,798,391)
(386,363,316)
(485,465,664)
(933,625,503)
(788,119,663)
(109,85,178)
(26,490,696)
(184,232,524)
(1,747,86)
(580,430,9)
(806,887,447)
(745,553,635)
(4,909,3)
(615,863,87)
(499,461,952)
(554,195,405)
(400,304,436)
(262,299,457)
(840,208,121)
(139,878,479)
(792,418,306)
(864,124,332)
(779,799,927)
(200,288,790)
(903,900,489)
(452,542,104)
(101,4,658)
(277,59,917)
(636,150,679)
(713,510,461)
(209,901,815)
(630,390,13)
(917,450,176)
(724,777,177)
(759,972,29)
(976,733,877)
(16,401,138)
(210,482,551)
(830,151,835)
(579,304,9)
(952,330,652)
(561,466,488)
(35,887,141)
(485,722,379)
(849,94,652)
(755,689,91)
(884,659,400)
(439,901,560)
(505,996,672)
(969,457,768)
(533,332,38)
(240,185,903)
(532,677,622)
(416,448,31)
(872,356,220)
(975,504,677)
(220,816,788)
(311,540,850)
(796,535,641)
(448,205,963)
(233,974,405)
(950,78,801)
(19,151,366)
(281,563,836)
(421,386,655)
(117,777,980)
(267,354,359)
(878,510,354)
(947,401,316)
(36,750,730)
(738,814,593)
(588,734,626)
(503,777,768)
(415,901,716)
(529,862,266)
(203,338,364)
(662,783,971)
(271,777,824)
(68,860,726)
(933,417,388)
(627,818,754)
(798,495,122)
(660,119,513)
(615,569,576)
(481,851,274)
(572,74,656)
(806,2,141)
(335,916,484)
(527,506,392)
(115,362,562)
(966,126,929)
(379,335,171)
(484,817,449)
(723,908,316)
(167,255,456)
(394,887,560)
(775,966,237)
(179,358,703)
(758,847,101)
(698,716,863)
(640,692,456)
(355,288,640)
(643,472,813)
(935,791,442)
(913,471,295)
(571,293,739)
(754,338,260)
(644,84,538)
(477,81,164)
(521,146,366)
(820,401,349)
(414,566,164)
(296,56,831)
(23,92,384)
(942,808,371)
(645,408,530)
(404,663,373)
(614,542,52)
(965,423,410)
(490,44,60)
(771,752,709)
(873,203,455)
(898,959,760)
(275,366,88)
(85,196,111)
(605,600,689)
(300,657,489)
(991,878,187)
(183,832,418)
(176,141,197)
(332,477,369)
(410,986,729)
(460,146,591)
(243,525,55)
(965,15,217)
(20,987,92)
(305,755,717)
(548,138,339)
(915,838,846)
(718,254,996)
(810,309,62)
(703,58,980)
(978,952,595)
(570,984,94)
(617,548,188)
(469,379,237)
(115,775,722)
(243,572,138)
(511,872,904)
(917,450,492)
(944,569,1)
(407,978,489)
(103,996,55)
(626,243,252)
(971,362,117)
(824,403,863)
(46,516,322)
(966,787,556)
(178,502,833)
(10,869,184)
(403,94,920)
(24,174,117)
(359,734,488)
(64,437,428)
(900,482,88)
(603,119,319)
(309,940,697)
(717,402,725)
(441,135,233)
(507,272,75)
(899,961,677)
(36,572,866)
(48,942,571)
(428,625,286)
(15,626,44)
(959,142,137)
(680,589,762)
(704,284,661)
(877,174,975)
(863,372,864)
(335,493,940)
(41,177,798)
(572,12,379)
(837,502,352)
(675,277,182)
(225,521,627)
(731,878,992)
(845,321,831)
(203,640,539)
(116,23,754)
(753,7,200)
(67,670,130)
(34,151,357)
(416,678,987)
(3,283,100)
(949,281,970)
(913,826,535)
(571,558,79)
(375,561,706)
(383,895,914)
(48,78,548)
(369,515,795)
(3,707,29)
(788,885,556)
(838,915,660)
(777,10,602)
(133,983,138)
(774,85,520)
(542,601,956)
(385,418,396)
(219,845,543)
(511,146,987)
(76,108,1)
(151,744,964)
(398,684,924)
(116,102,166)
(629,920,299)
(564,671,616)
(500,365,409)
(526,437,309)
(842,139,566)
(15,244,538)
(370,110,5)
(657,169,181)
(271,164,55)
(389,165,812)
(275,94,849)
(224,496,360)
(133,474,163)
(651,841,918)
(661,420,428)
(855,763,741)
(824,529,931)
(141,134,543)
(824,314,861)
(343,390,855)
(798,763,474)
(682,1,150)
(520,541,558)
(630,99,220)
(293,979,703)
(63,488,835)
(64,206,998)
(256,585,285)
(769,199,662)
(786,312,112)
(870,900,364)
(477,232,427)
(716,367,433)
(575,660,671)
(540,245,3)
(874,751,890)
(550,43,925)
(702,110,509)
(102,209,948)
(261,208,486)
(96,415,360)
(270,103,285)
(926,138,697)
(533,986,537)
(171,598,181)
(767,381,468)
(752,610,134)
(181,90,495)
(101,561,472)
(94,214,560)
(32,740,810)
(963,142,485)
(749,246,213)
(807,639,112)
(654,509,491)
(761,141,343)
(179,807,669)
(749,630,560)
(319,148,941)
(441,112,550)
(4,598,389)
(775,283,874)
(390,481,258)
(986,380,361)
(466,145,701)
(11,487,606)
(32,596,898)
(199,884,985)
(413,887,180)
(692,895,894)
(720,190,634)
(481,676,10)
(650,33,424)
(981,373,193)
(683,918,165)
(196,698,782)
(378,414,416)
(889,940,637)
(191,582,220)
(810,159,475)
(413,249,535)
(593,333,410)
(959,968,595)
(373,67,552)
(268,682,106)
(562,419,8)
(504,88,84)
(351,307,681)
(377,866,51)
(378,655,371)
(594,577,265)
(897,336,589)
(427,270,671)
(483,963,901)
(621,815,354)
(40,440,836)
(972,565,197)
(214,817,380)
(264,812,932)
(354,764,768)
(48,920,956)
(196,382,543)
(35,33,884)
(407,393,375)
(837,655,490)
(870,540,686)
(414,387,970)
(100,332,472)
(763,446,114)
(411,189,689)
(122,939,510)
(535,835,602)
(605,93,232)
(98,885,629)
(430,154,533)
(464,591,206)
(640,259,213)
(996,384,137)
(968,708,198)
(675,671,697)
(995,84,519)
(293,841,65)
(715,803,533)
(513,882,883)
(617,882,822)
(264,412,930)
(112,748,494)
(643,897,490)
(722,54,549)
(551,966,672)
(830,17,971)
(117,342,441)
(904,437,550)
(372,102,270)
(665,835,933)
(933,400,146)
(781,747,181)
(186,987,255)
(194,643,684)
(775,589,271)
(411,536,887)
(958,769,33)
(225,652,839)
(291,56,417)
(835,125,497)
(287,162,920)
(883,377,198)
(144,142,734)
(178,375,797)
(809,258,742)
(577,50,976)
(585,394,763)
(459,844,471)
(386,849,212)
(444,511,319)
(179,871,686)
(182,219,539)
(38,820,157)
(901,471,441)
(658,974,616)
(474,930,86)
(850,533,244)
(934,86,381)
(316,801,711)
(821,434,724)
(878,143,751)
(211,148,376)
(302,941,346)
(539,906,304)
(196,613,902)
(276,372,960)
(757,22,234)
(930,442,748)
(705,250,56)
(631,211,876)
(416,374,643)
(448,702,990)
(277,821,373)
(38,825,900)
(923,888,394)
(471,633,582)
(128,698,944)
(487,643,498)
(540,880,808)
(964,626,892)
(508,685,647)
(350,732,418)
(232,337,387)
(280,842,949)
(266,466,581)
(280,283,458)
(882,11,779)
(722,669,354)
(450,16,41)
(216,554,523)
(839,413,103)
(510,732,429)
(455,436,971)
(909,405,812)
(537,557,580)
(203,474,672)
(71,780,969)
(724,646,180)
(121,74,82)
(885,300,962)
(12,959,788)
(406,795,461)
(126,210,419)
(40,168,617)
(634,4,154)
(897,59,14)
(906,165,787)
(412,282,254)
(848,141,584)
(772,118,695)
(279,872,175)
(904,578,283)
(940,684,925)
(7,530,255)
(635,986,140)
(45,248,841)
(141,935,410)
(331,740,111)
(908,422,370)
(744,590,804)
(853,746,14)
(18,478,358)
(366,216,391)
(524,877,456)
(628,592,198)
(911,345,339)
(832,356,191)
(384,912,463)
(991,804,617)
(856,55,903)
(598,501,977)
(396,527,787)
(540,213,514)
(175,2,143)
(872,40,183)
(179,891,685)
(775,143,989)
(909,900,369)
(445,617,706)
(582,304,143)
(494,235,490)
(492,314,275)
(965,168,235)
(668,114,92)
(672,47,393)
(990,900,211)
(992,156,637)
(525,263,851)
(421,860,800)
(526,522,38)
(900,414,913)
(253,134,623)
(658,370,718)
(763,77,621)
(323,590,252)
(64,326,993)
(840,706,267)
(560,639,717)
(646,58,458)
(742,613,716)
(912,148,49)
(163,313,466)
(249,863,536)
(202,896,955)
(661,289,230)
(267,900,246)
(674,826,458)
(286,547,120)
(910,260,209)
(183,983,631)
(245,624,62)
(303,379,111)
(206,829,183)
(369,626,878)
(457,880,265)
(479,648,95)
(363,653,796)
(636,847,154)
(365,233,527)
(108,635,431)
(571,40,2)
(802,483,717)
(951,184,370)
(521,249,34)
(361,301,506)
(294,393,548)
(873,395,348)
(570,631,578)
(250,932,950)
(581,794,373)
(711,236,144)
(172,674,688)
(692,109,835)
(833,831,73)
(563,880,653)
(193,616,38)
(494,326,367)
(120,421,903)
(183,876,204)
(124,833,396)
(108,650,105)
(807,570,426)
(216,366,903)
(592,820,31)
(352,325,128)
(517,969,170)
(253,54,155)
(743,244,111)
(921,545,201)
(646,107,853)
(732,331,532)
(574,687,484)
(65,395,961)
(776,260,939)
(642,158,80)
(618,44,422)
(532,375,155)
(113,389,55)
(990,200,735)
(9,957,217)
(446,312,867)
(983,882,829)
(722,578,79)
(626,258,684)
(752,419,92)
(929,301,783)
(328,729,842)
(827,330,30)
(421,375,125)
(655,440,553)
(676,429,143)
(900,345,74)
(616,231,448)
(474,992,295)
(978,648,636)
(5,16,237)
(521,341,419)
(374,128,971)
(196,577,509)
(353,609,739)
(294,152,739)
(810,27,852)
(196,754,539)
(373,177,368)
(158,123,720)
(69,129,626)
(94,957,449)
(263,705,356)
(447,39,165)
(158,771,46)
(581,728,429)
(597,149,884)
(722,908,54)
(17,145,305)
(359,450,103)
(205,532,985)
(212,243,48)
(121,725,424)
(293,867,35)
(745,243,554)
(475,358,527)
(133,518,614)
(453,938,906)
(527,744,763)
(163,636,100)
(883,748,373)
(429,582,159)
(979,390,334)
(256,810,636)
(335,216,693)
(578,219,608)
(591,507,926)
(606,272,228)
(164,916,986)
(273,611,209)
(790,314,331)
(637,336,90)
(122,516,529)
(802,770,449)
(618,354,686)
(855,477,477)
(711,56,410)
(987,444,85)
(291,814,87)
(576,341,205)
(544,351,588)
(617,363,510)
(880,418,125)
(382,243,901)
(128,810,434)
(968,679,252)
(175,694,395)
(563,800,417)
(484,171,456)
(505,129,925)
(838,11,103)
(167,227,225)
(842,202,889)
(163,261,232)
(958,74,237)
(217,303,643)
(209,476,647)
(337,713,451)
(893,756,150)
(248,950,896)
(954,911,669)
(806,96,332)
(188,485,457)
(948,894,95)
(775,148,149)
(124,594,473)
(390,375,130)
(991,849,231)
(286,502,486)
(874,202,550)
(622,230,406)
(976,676,511)
(295,903,815)
(624,903,569)
(595,499,978)
(311,839,373)
(876,101,862)
(212,979,989)
(898,393,303)
(738,355,936)
(324,462,569)
(830,574,129)
(254,118,849)
(353,761,231)
(790,374,987)
(358,265,224)
(473,582,551)
(656,399,319)
(461,392,543)
(404,724,728)
(951,94,516)
(964,15,312)
(669,298,94)
(387,140,378)
(654,894,13)
(871,92,242)
(14,516,703)
(696,999,6)
(923,243,296)
(299,583,409)
(212,899,489)
(660,364,189)
(144,388,280)
(256,426,987)
(209,430,615)
(158,488,859)
(743,378,239)
(463,81,830)
(89,760,488)
(942,4,498)
(841,166,90)
(638,158,746)
(742,893,72)
(228,347,781)
(569,780,27)
(32,995,679)
(271,538,694)
(126,115,376)
(149,503,947)
(971,845,423)
(326,207,926)
(539,86,452)
(606,757,219)
(43,943,826)
(340,56,961)
(96,719,430)
(119,338,93)
(968,583,554)
(530,854,696)
(968,708,895)
(163,891,172)
(4,854,481)
(474,228,479)
(811,980,179)
(753,925,764)
(499,432,244)
(641,312,812)
(138,866,32)
(671,1,265)
(547,630,951)
(757,939,769)
(692,566,745)
(6,644,74)
(769,80,841)
(681,245,331)
(173,652,507)
(775,815,551)
(309,13,704)
(764,386,28)
(108,426,961)
(156,53,671)
(88,74,902)
(26,137,208)
(494,610,382)
(540,892,328)
(48,573,177)
(20,142,90)
(122,162,686)
(590,231,106)
(87,922,998)
(446,609,356)
(596,992,14)
(538,312,221)
(809,486,98)
(536,880,727)
(643,792,165)
(271,814,159)
(752,627,771)
(382,680,572)
(311,250,199)
(292,547,204)
(432,426,555)
(240,644,627)
(525,980,518)
(825,623,318)
(665,566,708)
(429,752,174)
(209,667,205)
(363,798,476)
(580,567,657)
(158,511,159)
(194,3,903)
(127,977,872)
(507,635,73)
(43,947,504)
(520,305,983)
(594,663,430)
(521,828,496)
(873,475,690)
(390,155,795)
(208,55,379)
(245,101,58)
(798,768,8)
(521,168,863)
(503,200,669)
(444,572,269)
(59,319,322)
(698,536,501)
(192,24,838)
(425,762,189)
(742,838,454)
(422,44,794)
(426,47,283)
(551,97,820)
(947,451,583)
(105,493,899)
(185,533,757)
(659,992,150)
(664,811,911)
(76,602,335)
(574,536,953)
(741,274,409)
(308,678,577)
(379,9,706)
(836,334,226)
(246,90,897)
(146,382,218)
(302,314,454)
(307,254,920)
(93,394,271)
(387,844,815)
(843,262,389)
(443,653,224)
(319,589,556)
(630,712,605)
(99,254,950)
(933,522,336)
(792,252,197)
(763,97,517)
(524,649,959)
(524,732,934)
(249,76,201)
(338,899,614)
(392,445,47)
(957,804,184)
(991,278,20)
(116,31,43)
(656,593,592)
(221,243,378)
(438,929,164)
(370,875,578)
(964,720,334)
(13,85,401)
(686,6,404)
(579,850,702)
(480,792,180)
(255,852,547)
(928,541,366)
(991,52,502)
(523,580,718)
(15,477,90)
(516,852,914)
(453,629,730)
(664,493,61)
(617,310,828)
(5,829,574)
(37,717,976)
(982,176,398)
(745,612,64)
(182,717,530)
(778,862,547)
(597,629,206)
(64,987,267)
(143,740,431)
(538,297,902)
(991,615,99)
(185,405,339)
(182,832,610)
(5,90,788)
(135,229,397)
(220,45,100)
(312,744,528)
(40,890,35)
(200,811,485)
(539,144,669)
(124,672,990)
(404,462,985)
(190,298,527)
(214,249,196)
(168,339,944)
(7,152,770)
(705,245,822)
(355,908,807)
(909,371,561)
(358,982,745)
(154,789,537)
(378,116,729)
(774,155,662)
(79,754,375)
(847,719,822)
(664,241,487)
(284,799,869)
(233,430,887)
(615,639,655)
(929,828,272)
(871,130,694)
(660,197,571)
(144,442,777)
(596,242,478)
(258,673,93)
(313,245,882)
(126,41,772)
(877,82,217)
(747,364,270)
(885,954,243)
(795,81,964)
(106,923,69)
(283,115,71)
(4,169,382)
(768,254,470)
(153,967,126)
(174,781,610)
(567,377,740)
(742,670,188)
(959,442,662)
(215,155,714)
(947,32,441)
(773,770,528)
(783,953,204)
(918,811,60)
(537,944,127)
(689,526,559)
(873,548,696)
(113,953,947)
(574,756,779)
(994,366,383)
(261,541,231)
(478,136,572)
(809,354,728)
(881,962,306)
(545,554,853)
(985,971,409)
(17,231,322)
(408,409,571)
(523,369,94)
(362,369,434)
(617,786,427)
(736,215,837)
(383,483,742)
(965,313,656)
(494,926,499)
(701,795,3)
(384,739,575)
(58,959,564)
(740,330,640)
(884,430,612)
(317,380,498)
(810,975,278)
(585,336,981)
(616,708,891)
(187,926,921)
(843,553,488)
(162,247,107)
(933,779,814)
(168,300,954)
(705,400,451)
(448,448,216)
(789,137,568)
(734,679,631)
(41,23,923)
(329,280,921)
(148,941,824)
(131,194,221)
(581,268,95)
(175,723,168)
(405,392,590)
(986,91,73)
(347,35,866)
(768,792,519)
(635,773,573)
(45,659,798)
(559,39,931)
(396,503,329)
(229,641,57)
(442,336,532)
(274,525,347)
(698,760,195)
(277,568,299)
(579,231,353)
(409,837,284)
(474,694,373)
(634,454,910)
(940,759,245)
(609,410,675)
(421,263,560)
(827,119,832)
(474,863,48)
(694,461,382)
(226,389,172)
(324,5,841)
(839,582,375)
(449,643,347)
(267,764,404)
(398,676,874)
(683,993,650)
(338,781,198)
(909,92,87)
(411,116,775)
(818,119,108)
(59,807,365)
(761,506,596)
(145,253,587)
(20,548,607)
(857,628,389)
(552,78,807)
(219,269,31)
(411,745,931)
(424,574,794)
(45,279,368)
(559,66,890)
(561,189,141)
(240,914,53)
(953,715,711)
(327,393,239)
(226,117,640)
(400,495,355)
(601,939,996)
(389,585,163)
(768,59,762)
(740,964,651)
(748,572,731)
(841,897,497)
(796,880,374)
(456,682,457)
(423,126,958)
(911,32,688)
(928,922,10)
(152,710,668)
(253,421,635)
(372,428,646)
(182,780,54)
(785,732,925)
(986,265,781)
(615,606,20)
(431,447,501)
(614,68,875)
(956,235,62)
(557,182,844)
(82,851,550)
(598,835,923)
(709,466,741)
(317,194,710)
(345,364,717)
(310,118,359)
(663,368,659)
(726,792,858)
(679,208,599)
(317,206,741)
(953,706,360)
(916,471,731)
(612,390,701)
(756,915,787)
(665,488,361)
(972,571,615)
(669,36,515)
(400,185,465)
(25,867,810)
(756,788,520)
(513,653,292)
(954,720,685)
(992,258,431)
(726,370,151)
(274,386,499)
(810,864,754)
(884,772,150)
(208,751,188)
(952,462,255)
(488,792,37)
(422,472,103)
(880,4,49)
(737,861,450)
(830,839,919)
(423,694,567)
(291,104,921)
(990,618,617)
(236,920,166)
(248,64,557)
(777,946,34)
(583,678,807)
(686,811,954)
(764,282,53)
(786,524,523)
(688,113,970)
(973,375,476)
(828,778,668)
(974,129,709)
(694,392,875)
(464,149,381)
(674,950,52)
(845,552,13)
(123,614,551)
(619,704,848)
(524,312,426)
(336,990,810)
(423,412,492)
(186,330,160)
(186,942,261)
(501,414,305)
(666,290,375)
(712,471,497)
(127,735,358)
(809,291,440)
(314,379,517)
(866,124,848)
(982,530,66)
(438,600,130)
(74,980,578)
(265,403,41)
(346,377,45)
(743,414,238)
(675,596,986)
(338,381,262)
(235,220,618)
(971,349,161)
(937,475,695)
(141,84,860)
(79,620,485)
(714,309,824)
(276,839,375)
(942,173,929)
(68,127,360)
(827,688,88)
(750,356,460)
(71,370,824)
(778,761,969)
(730,792,941)
(153,922,738)
(22,831,422)
(783,129,190)
(140,915,417)
(796,755,823)
(297,943,550)
(268,854,442)
(936,932,654)
(480,689,759)
(880,286,314)
(490,383,66)
(640,341,566)
(198,632,12)
(174,827,803)
(190,888,21)
(208,663,512)
(201,545,305)
(841,44,88)
(327,934,70)
(821,620,359)
(956,358,952)
(114,421,976)
(378,350,65)
(305,429,889)
(775,487,403)
(72,83,424)
(111,291,707)
(310,207,629)
(483,855,968)
(548,545,214)
(172,453,467)
(757,264,820)
(228,743,19)
(749,66,714)
(51,154,200)
(221,659,367)
(231,858,448)
(683,893,959)
(982,609,424)
(256,511,499)
(451,827,66)
(320,525,5)
(665,356,318)
(350,471,268)
(832,642,60)
(934,2,899)
(969,283,57)
(462,537,743)
(132,248,370)
(788,155,175)
(924,754,427)
(65,348,325)
(475,215,161)
(502,130,236)
(126,750,141)
(878,801,794)
(102,940,568)
(324,430,551)
(742,11,477)
(252,796,534)
(395,734,675)
(922,800,730)
(699,197,947)
(995,151,506)
(898,530,619)
(326,55,610)
(47,934,982)
(576,75,925)
(252,743,561)
(434,404,618)
(965,649,79)
(622,31,852)
(642,899,236)
(847,621,452)
(408,174,733)
(343,442,216)
(822,942,488)
(867,970,435)
(911,929,357)
(454,721,490)
(696,955,505)
(473,304,15)
(919,394,699)
(847,576,11)
(697,880,339)
(751,474,935)
(918,439,556)
(387,828,654)
(68,450,271)
(720,438,715)
(469,230,42)
(209,328,94)
(287,406,319)
(495,430,22)
(855,127,968)
(681,295,405)
(317,270,353)
(941,524,443)
(96,868,181)
(463,385,121)
(958,276,252)
(930,628,550)
(18,416,164)
(229,500,184)
(604,513,840)
(369,275,353)
(445,232,471)
(995,328,673)
(41,353,583)
(334,871,129)
(934,232,422)
(692,142,53)
(843,648,836)
(511,142,445)
(181,217,757)
(644,779,550)
(224,457,847)
(186,339,219)
(287,450,13)
(374,597,157)
(633,214,161)
(89,292,709)
(243,399,535)
(198,873,519)
(726,358,607)
(44,168,379)
(238,222,383)
(636,974,658)
(364,648,375)
(592,365,248)
(812,536,578)
(657,985,429)
(157,166,731)
(601,713,225)
(774,774,616)
(496,486,817)
(882,858,715)
(472,434,258)
(441,836,95)
(48,350,853)
(354,151,43)
(479,244,343)
(381,951,494)
(873,857,401)
(396,615,979)
(422,657,978)
(803,471,367)
(526,268,163)
(672,668,694)
(221,825,994)
(252,406,295)
(100,944,986)
(696,460,724)
(220,816,928)
(792,886,728)
(440,182,813)
(624,288,704)
(638,622,845)
(133,819,913)
(75,86,855)
(694,768,458)
(282,501,396)
(726,573,784)
(17,136,187)
(892,345,802)
(793,731,771)
(231,384,34)
(22,660,366)
(897,784,91)
(171,868,713)
(111,582,270)
(90,417,119)
(42,648,74)
(113,681,573)
(513,723,376)
(919,792,263)
(236,926,513)
(862,125,834)
(2,125,959)
(269,117,620)
(808,140,542)
(296,397,405)
(763,644,110)
(563,617,287)
(827,953,518)
(729,361,636)
(187,778,877)
(731,967,681)
(415,629,17)
(314,280,728)
(432,522,101)
(641,897,809)
(526,514,520)
(6,195,931)
(574,541,342)
(402,120,34)
(222,431,518)
(257,7,455)
(533,262,48)
(651,920,334)
(74,393,26)
(183,545,113)
(258,539,319)
(405,630,613)
(690,352,521)
(746,103,581)
(883,470,236)
(219,691,145)
(847,246,131)
(289,200,771)
(233,940,662)
(292,149,526)
(566,20,857)
(683,784,392)
(155,704,760)
(283,811,541)
(290,729,882)
(502,606,162)
(716,362,310)
(57,707,155)
(200,354,619)
(988,531,925)
(291,434,611)
(924,681,874)
(903,464,938)
(291,892,321)
(625,8,224)
(81,777,417)
(342,478,907)
(927,345,930)
(231,641,139)
(189,240,305)
(742,627,903)
(28,845,166)
(536,462,862)
(880,279,291)
(167,88,593)
(660,708,602)
(947,947,735)
(787,329,242)
(618,217,373)
(149,118,592)
(392,47,287)
(730,380,340)
(598,826,694)
(325,857,456)
(516,399,272)
(178,595,857)
(298,202,79)
(266,938,494)
(691,740,518)
(264,818,528)
(227,807,893)
(694,21,161)
(708,789,470)
(651,450,842)
(365,797,209)
(506,303,450)
(80,709,548)
(137,716,569)
(374,141,173)
(802,7,969)
(221,544,488)
(672,12,972)
(947,503,637)
(332,772,557)
(415,110,204)
(981,757,870)
(94,303,5)
(915,159,827)
(972,812,880)
(28,539,283)
(455,278,303)
(887,376,76)
(817,241,82)
(72,730,772)
(489,603,491)
(648,186,555)
(439,905,936)
(981,547,904)
(970,435,480)
(285,763,331)
(197,310,764)
(236,282,627)
(265,322,702)
(113,942,68)
(14,314,754)
(254,923,587)
(631,373,481)
(633,591,983)
(494,326,12)
(847,240,451)
(119,45,277)
(289,759,269)
(421,922,102)
(189,286,143)
(915,827,983)
(698,674,357)
(885,544,765)
(877,70,150)
(15,33,646)
(153,178,661)
(924,801,486)
(100,740,965)
(285,582,686)
(174,693,737)
(356,138,878)
(969,245,223)
(44,373,675)
(381,930,76)
(704,788,895)
(584,495,799)
(547,470,215)
(94,295,889)
(13,228,13)
(280,674,772)
(932,285,303)
(872,722,323)
(559,944,105)
(649,319,477)
(673,707,766)
(215,142,116)
(209,513,953)
(258,168,933)
(250,29,561)
(962,696,203)
(502,491,639)
(196,135,438)
(260,887,321)
(14,984,858)
(35,501,905)
(141,653,642)
(768,712,996)
(693,324,711)
(948,428,544)
(951,202,890)
(980,744,650)
(386,675,774)
(429,902,969)
(109,176,515)
(332,767,938)
(981,712,634)
(427,234,189)
(894,381,194)
(674,324,860)
(385,814,677)
(773,572,437)
(60,808,17)
(134,568,577)
(947,721,862)
(143,862,787)
(502,596,198)
(983,359,758)
(528,918,708)
(999,834,677)
(754,86,105)
(340,652,450)
(726,129,920)
(666,213,273)
(125,480,191)
(928,141,667)
(78,154,36)
(577,576,926)
(6,722,715)
(403,898,934)
(224,955,783)
(524,825,673)
(911,686,304)
(273,974,429)
(157,190,941)
(485,94,643)
(72,885,288)
(718,298,304)
(616,267,637)
(231,297,18)
(112,161,100)
(223,605,599)
(226,924,630)
(7,138,843)
(96,181,436)
(160,868,19)
(610,545,406)
(85,826,421)
(824,335,127)
(77,97,119)
(581,113,826)
(971,984,919)
(928,31,284)
(808,809,340)
(949,594,617)
(717,548,695)
(588,106,309)
(958,398,548)
(697,386,667)
(128,245,575)
(815,488,339)
(487,12,611)
(72,993,723)
(199,682,861)
(870,658,699)
(185,860,568)
(916,498,990)
(252,780,780)
(302,597,119)
(373,38,580)
(201,18,624)
(847,300,59)
(452,351,263)
(809,386,938)
(693,918,691)
(467,745,265)
(481,229,297)
(394,560,421)
(236,991,446)
(848,177,366)
(928,282,303)
(75,441,480)
(312,256,184)
(430,876,990)
(872,691,34)
(36,724,8)
(594,787,218)
(90,406,20)
(520,451,255)
(948,344,789)
(128,903,797)
(114,725,564)
(917,42,239)
(425,994,484)
(444,316,707)
(801,846,140)
(682,786,611)
(64,341,603)
(671,23,76)
(193,25,335)
(729,373,63)
(616,256,183)
(773,416,869)
(413,559,237)
(691,277,752)
(654,508,412)
(346,382,797)
(321,586,462)
(801,62,236)
(483,531,549)
(564,701,134)
(976,931,666)
(498,325,287)
(737,549,501)
(35,240,743)
(140,724,523)
(701,559,361)
(489,14,689)
(775,349,789)
(280,88,313)
(392,170,889)
(181,889,11)
(487,444,996)
(303,967,727)
(149,665,631)
(124,674,150)
(122,189,353)
(469,545,584)
(668,41,84)
(204,281,989)
(627,605,359)
(114,151,445)
(1,511,146)
(588,273,111)
(36,546,381)
(145,130,147)
(277,305,255)
(235,478,529)
(440,399,634)
(431,341,359)
(198,462,190)
(599,488,803)
(574,66,664)
(999,363,723)
(385,871,522)
(269,639,905)
(749,151,640)
(362,233,251)
(623,954,545)
(505,873,461)
(22,796,562)
(156,702,606)
(82,718,916)
(493,997,250)
(495,228,277)
(700,157,631)
(783,245,48)
(185,582,121)
(138,252,156)
(506,927,258)
(25,678,745)
(337,808,312)
(408,341,991)
(806,103,868)
(359,98,160)
(870,218,812)
(267,763,550)
(451,517,924)
(869,313,101)
(877,139,715)
(160,803,629)
(428,334,222)
(814,410,976)
(369,288,336)
(827,955,326)
(581,407,399)
(185,545,454)
(558,407,619)
(737,451,39)
(383,192,146)
(981,197,8)
(582,733,784)
(665,113,155)
(400,718,701)
(734,467,504)
(571,941,150)
(599,380,113)
(785,470,327)
(105,512,285)
(805,208,925)
(848,590,735)
(224,90,74)
(685,573,563)
(367,142,71)
(530,672,880)
(316,49,531)
(434,978,914)
(50,793,900)
(977,894,151)
(782,281,587)
(632,217,231)
(446,193,49)
(475,279,822)
(248,453,446)
(716,509,334)
(968,327,814)
(613,562,676)
(115,217,796)
(343,343,726)
(102,626,443)
(119,696,631)
(41,46,932)
(945,59,270)
(134,600,279)
(839,687,371)
(342,503,838)
(951,424,675)
(300,558,280)
(120,204,395)
(343,719,736)
(884,843,480)
(797,928,628)
(262,401,434)
(790,654,39)
(33,656,116)
(170,470,692)
(32,695,739)
(525,579,796)
(338,727,331)
(379,132,46)
(513,557,446)
(880,56,898)
(733,290,203)
(222,158,152)
(489,858,552)
(291,781,30)
(831,366,776)
(611,6,787)
(18,383,338)
(134,646,945)
(537,101,281)
(838,955,169)
(144,899,940)
(710,887,430)
(630,809,580)
(123,993,700)
(101,699,900)
(213,965,36)
(745,748,111)
(613,214,468)
(290,918,190)
(984,468,373)
(672,246,216)
(393,910,409)
(425,480,360)
(12,279,255)
(879,929,865)
(377,229,156)
(160,337,526)
(881,980,4)
(444,478,286)
(480,57,661)
(80,865,698)
(915,875,781)
(484,880,915)
(410,399,761)
(627,526,722)
(889,866,608)
(26,317,127)
(663,724,499)
(645,675,13)
(712,735,855)
(85,32,480)
(711,522,942)
(921,233,251)
(886,292,537)
(876,43,601)
(432,387,654)
(333,312,873)
(322,413,490)
(297,678,396)
(691,695,697)
(944,997,165)
(215,618,201)
(118,703,230)
(197,543,477)
(115,855,80)
(289,554,9)
(552,929,638)
(838,677,428)
(950,142,402)
(92,542,283)
(445,82,793)
(991,131,992)
(758,117,725)
(477,274,756)
(130,491,610)
(476,942,237)
(448,898,847)
(574,147,942)
(128,567,750)
(793,764,793)
(381,563,864)
(704,160,231)
(348,41,363)
(42,497,43)
(230,661,586)
(42,406,288)
(114,851,281)
(617,679,34)
(654,333,457)
(357,992,638)
(762,66,287)
(775,588,67)
(786,511,159)
(992,791,594)
(864,694,807)
(176,268,163)
(946,840,969)
(217,572,477)
(228,450,244)
(511,528,631)
(54,701,289)
(489,453,509)
(960,795,397)
(850,834,929)
(530,914,72)
(357,931,666)
(871,217,335)
(535,916,438)
(570,211,980)
(54,386,147)
(173,908,518)
(679,266,521)
(243,961,432)
(822,15,181)
(664,930,242)
(732,230,52)
(866,309,403)
(164,30,886)
(189,810,189)
(912,29,629)
(804,500,13)
(511,301,877)
(593,94,304)
(760,345,521)
(628,953,689)
(341,916,325)
(675,498,805)
(263,152,361)
(314,182,168)
(650,514,184)
(599,512,954)
(252,319,269)
(955,562,523)
(968,672,884)
(138,212,167)
(990,984,747)
(19,59,215)
(572,787,137)
(643,201,587)
(663,625,899)
(776,745,856)
(908,326,53)
(145,130,4)
(958,288,763)
(53,661,621)
(431,677,606)
(141,246,346)
(266,675,945)
(901,850,447)
(270,881,471)
(129,556,398)
(616,69,949)
(420,929,618)
(519,743,875)
(632,383,325)
(586,149,264)
(367,15,737)
(286,4,180)
(517,887,747)
(68,781,716)
(950,525,42)
(289,675,51)
(892,319,297)
(964,290,158)
(276,530,594)
(893,953,401)
(260,748,69)
(273,209,592)
(675,651,555)
(775,833,136)
(384,904,830)
(680,225,609)
(750,174,546)
(248,516,362)
(479,300,599)
(702,19,617)
(461,525,729)
(427,492,45)
(730,505,983)
(665,328,182)
(430,206,37)
(128,274,118)
(345,364,357)
(58,266,545)
(285,192,631)
(268,758,526)
(52,477,752)
(292,74,221)
(144,563,452)
(547,554,613)
(313,252,751)
(877,253,821)
(213,213,804)
(540,606,551)
(165,501,398)
(654,144,399)
(772,759,972)
(160,42,262)
(655,771,445)
(568,680,457)
(232,383,538)
(110,791,354)
(961,867,584)
(432,21,783)
(353,653,788)
(991,975,527)
(618,239,525)
(778,163,668)
(659,156,625)
(599,591,137)
(865,547,340)
(581,616,565)
(641,558,715)
(582,596,715)
(685,942,56)
(842,445,831)
(489,318,508)
(70,273,714)
(620,320,704)
(203,978,261)
(937,910,967)
(294,576,60)
(623,416,497)
(616,494,707)
(29,515,152)
(424,158,505)
(652,308,632)
(398,337,392)
(112,852,325)
(226,413,605)
(318,194,758)
(673,267,339)
(489,760,178)
(373,84,638)
(691,41,378)
(835,934,993)
(218,311,330)
(170,810,215)
(648,74,537)
(925,545,958)
(382,971,612)
(37,430,549)
(354,383,807)
(685,172,111)
(144,272,810)
(125,857,465)
(981,674,101)
(418,281,238)
(751,192,769)
(869,533,543)
(854,269,840)
(196,33,283)
(909,452,831)
(1,622,233)
(376,735,880)
(984,40,15)
(409,569,591)
(616,144,5)
(420,588,12)
(325,222,526)
(291,621,685)
(473,19,630)
(278,1,350)
(462,647,227)
(790,912,43)
(856,838,4)
(807,637,122)
(10,769,301)
(127,739,137)
(791,443,493)
(825,113,784)
(518,751,368)
(197,719,481)
(112,461,193)
(696,709,171)
(248,83,224)
(678,19,978)
(581,804,18)
(111,819,448)
(281,441,789)
(464,850,706)
(548,346,61)
(58,470,13)
(309,343,946)
(96,620,652)
(576,137,943)
(359,297,64)
(691,68,638)
(507,322,759)
(378,593,876)
(571,144,84)
(638,319,245)
(298,952,256)
(33,822,132)
(543,236,203)
(989,72,306)
(848,630,562)
(687,401,465)
(765,674,396)
(966,867,240)
(889,678,424)
(193,291,118)
(316,201,349)
(548,545,60)
(262,736,627)
(77,934,423)
(261,463,427)
(921,515,539)
(269,344,974)
(902,131,466)
(476,366,298)
(495,663,716)
(777,798,733)
(276,503,593)
(414,742,385)
(156,897,427)
(638,699,97)
(398,254,903)
(296,278,766)
(786,416,547)
(366,529,167)
(886,577,184)
(314,572,513)
(656,301,176)
(446,412,834)
(99,849,591)
(945,278,823)
(260,744,208)
(64,817,852)
(305,909,802)
(787,525,372)
(431,726,32)
(904,906,491)
(52,187,262)
(117,496,108)
(693,239,73)
(643,187,591)
(271,970,437)
(721,708,456)
(719,482,105)
(898,486,849)
(359,910,421)
(762,694,709)
(936,505,665)
(971,119,28)
(660,683,487)
(89,672,63)
(984,649,566)
(893,301,912)
(181,301,251)
(192,421,593)
(374,247,606)
(897,748,337)
(212,754,559)
(47,824,80)
(174,871,12)
(662,681,863)
(421,422,808)
(594,990,49)
(141,110,476)
(223,345,243)
(587,297,880)
(231,428,346)
(612,792,296)
(236,32,690)
(811,528,475)
(114,301,107)
(465,283,696)
(471,197,57)
(978,53,117)
(693,739,396)
(169,359,604)
(90,85,525)
(699,593,358)
(88,551,470)
(961,926,431)
(911,424,760)
(833,239,776)
(473,669,143)
(526,155,304)
(106,411,923)
(708,909,495)
(754,476,328)
(604,473,410)
(990,860,931)
(22,302,935)
(888,553,281)
(60,360,120)
(41,735,692)
(72,462,293)
(533,435,415)
(570,384,727)
(85,738,415)
(678,872,829)
(21,991,645)
(603,506,26)
(334,37,600)
(317,381,678)
(973,29,94)
(524,999,674)
(699,54,71)
(808,956,881)
(131,339,853)
(75,51,385)
(747,125,440)
(564,515,163)
(64,909,702)
(850,839,520)
(627,390,414)
(685,538,110)
(359,492,965)
(319,87,822)
(616,859,340)
(746,137,470)
(345,565,573)
(178,899,392)
(762,778,872)
(22,915,838)
(559,234,359)
(779,505,458)
(239,224,126)
(493,11,96)
(414,857,69)
(588,276,143)
(409,843,279)
(98,949,208)
(849,992,38)
(633,313,164)
(163,406,164)
(428,890,836)
(856,567,776)
(344,809,560)
(379,504,347)
(74,42,128)
(610,465,863)
(82,683,960)
(601,453,917)
(397,352,436)
(113,829,200)
(446,737,536)
(3,487,665)
(919,172,334)
(646,874,682)
(788,15,471)
(352,511,132)
(534,502,350)
(426,861,253)
(522,148,960)
(726,539,325)
(857,817,474)
(70,136,19)
(610,256,468)
(538,352,550)
(378,358,247)
(907,472,285)
(644,431,69)
(665,170,880)
(974,204,176)
(884,82,545)
(974,913,789)
(138,727,810)
(558,677,440)
(842,834,811)
(288,555,751)
(66,127,765)
(675,979,778)
(194,957,827)
(865,953,276)
(59,814,79)
(666,367,384)
(605,250,439)
(189,954,640)
(264,662,580)
(232,736,325)
(216,369,599)
(683,611,964)
(967,331,557)
(970,71,678)
(619,580,760)
(697,223,877)
(369,728,330)
(23,458,58)
(931,55,640)
(358,998,375)
(914,342,270)
(409,632,748)
(60,274,813)
(408,290,712)
(76,64,448)
(585,890,671)
(863,639,906)
(348,136,406)
(874,259,771)
(501,435,5)
(850,878,813)
(912,689,452)
(380,127,398)
(295,314,882)
(845,924,639)
(930,661,727)
(172,108,391)
(442,410,402)
(654,270,148)
(381,954,342)
(367,114,409)
(295,193,671)
(597,856,246)
(948,86,944)
(898,893,784)
(541,580,239)
(127,980,248)
(197,929,914)
(499,497,280)
(686,311,640)
(13,844,249)
(284,565,376)
(575,875,757)
(336,738,509)
(577,552,97)
(335,718,276)
(881,801,698)
(393,644,586)
(623,738,95)
(498,975,978)
(409,570,367)
(355,735,498)
(384,403,760)
(257,433,372)
(10,638,638)
(81,603,592)
(56,593,226)
(441,763,51)
(880,829,576)
(973,312,276)
(652,464,922)
(877,901,53)
(11,22,979)
(27,839,387)
(531,987,777)
(106,690,410)
(905,306,849)
(773,693,72)
(102,370,33)
(237,33,150)
(518,55,705)
(250,202,705)
(983,760,195)
(174,931,334)
(482,382,337)
(662,942,748)
(594,74,448)
(352,376,434)
(226,815,730)
(643,887,850)
(511,376,550)
(587,695,375)
(68,319,861)
(390,355,282)
(829,644,263)
(513,565,437)
(904,710,2)
(717,82,584)
(498,862,733)
(787,976,109)
(850,895,394)
(963,151,627)
(953,528,118)
(157,445,942)
(225,475,715)
(416,788,33)
(149,875,252)
(444,778,934)
(482,913,701)
(136,893,212)
(238,513,878)
(146,854,654)
(189,108,211)
(358,45,343)
(379,805,257)
(916,754,600)
(93,522,644)
(618,701,768)
(602,869,817)
(397,803,452)
(378,28,739)
(927,237,405)
(294,746,260)
(716,779,477)
(676,977,417)
(403,616,713)
(676,505,775)
(953,700,987)
(659,818,809)
(501,43,450)
(283,415,197)
(321,533,470)
(810,120,720)
(132,392,587)
(598,666,616)
(707,536,193)
(130,633,967)
(799,110,306)
(692,749,240)
(459,878,193)
(837,418,554)
(397,553,349)
(510,728,361)
(187,251,75)
(517,429,693)
(830,380,304)
(842,497,260)
(957,314,663)
(108,180,727)
(828,189,539)
(351,501,969)
(730,680,966)
(519,895,475)
(688,995,536)
(382,844,815)
(826,302,983)
(961,104,625)
(789,327,423)
(951,785,831)
(13,50,750)
(453,945,532)
(622,792,406)
(672,894,738)
(418,118,557)
(665,757,764)
(181,533,260)
(175,787,104)
(546,91,282)
(427,584,732)
(795,661,223)
(421,232,218)
(372,772,56)
(159,458,554)
(544,102,551)
(591,67,929)
(23,496,71)
(308,486,945)
(447,69,877)
(248,214,408)
(837,278,840)
(59,931,27)
(324,506,115)
(885,643,731)
(985,336,842)
(553,287,458)
(615,261,383)
(647,741,118)
(686,7,419)
(579,330,770)
(932,699,188)
(57,558,640)
(991,185,591)
(911,67,287)
(958,590,854)
(113,816,910)
(437,120,725)
(832,72,637)
(273,678,962)
(960,536,129)
(788,204,638)
(570,258,42)
(573,715,392)
(489,331,966)
(418,738,29)
(830,989,371)
(917,586,684)
(901,530,11)
(894,181,713)
(910,414,838)
(696,853,87)
(881,409,775)
(972,315,663)
(278,869,260)
(430,637,998)
(782,637,831)
(285,168,845)
(424,822,65)
(225,867,682)
(138,974,378)
(868,416,240)
(405,996,854)
(460,414,969)
(569,550,830)
(732,913,662)
(210,871,839)
(194,903,388)
(873,837,898)
(702,64,200)
(573,184,217)
(72,484,82)
(134,819,879)
(993,999,205)
(611,326,508)
(938,241,313)
(195,733,779)
(945,714,197)
(214,862,542)
(299,198,236)
(456,106,235)
(700,397,357)
(687,154,362)
(629,832,765)
(375,785,815)
(615,697,826)
(959,841,834)
(94,235,286)
(650,479,81)
(535,317,778)
(813,32,445)
(783,991,989)
(628,424,319)
(97,830,349)
(389,723,121)
(764,91,442)
(168,575,224)
(587,602,992)
(425,38,647)
(329,294,504)
(669,972,995)
(923,978,99)
(66,259,7)
(927,298,91)
(413,202,536)
(231,950,684)
(28,875,722)
(912,118,64)
(210,903,74)
(382,327,731)
(536,168,297)
(931,83,824)
(672,824,624)
(10,557,529)
(631,824,664)
(323,255,976)
(786,522,295)
(145,36,50)
(389,106,191)
(811,271,732)
(503,813,970)
(634,829,894)
(374,838,911)
(575,758,714)
(663,576,673)
(338,431,773)
(621,626,121)
(349,314,566)
(497,194,265)
(549,160,939)
(828,869,360)
(126,602,753)
(152,291,741)
(576,389,715)
(94,937,212)
(376,102,639)
(71,484,822)
(764,462,693)
(579,753,77)
(591,956,213)
(312,839,368)
(437,698,828)
(73,693,849)
(148,287,531)
(332,97,697)
(681,357,706)
(881,587,308)
(702,196,895)
(882,533,690)
(654,873,87)
(32,930,8)
(517,235,688)
(748,109,797)
(378,954,594)
(553,260,773)
(654,9,759)
(216,193,818)
(265,913,646)
(341,929,991)
(404,818,477)
(313,32,676)
(853,309,167)
(167,227,699)
(827,358,36)
(803,143,102)
(300,720,3)
(511,742,601)
(713,562,572)
(979,42,339)
(803,903,684)
(851,51,946)
(821,410,810)
(868,155,261)
(275,46,74)
(437,365,553)
(850,880,690)
(208,810,117)
(924,820,142)
(526,312,406)
(926,507,332)
(659,872,223)
(584,808,423)
(337,900,68)
(443,943,61)
(554,581,991)
(926,407,221)
(873,860,463)
(988,359,891)
(832,887,751)
(221,152,376)
(618,467,742)
(12,719,587)
(733,891,577)
(469,432,397)
(127,78,324)
(651,981,893)
(457,590,985)
(451,900,39)
(457,32,327)
(821,502,542)
(833,899,168)
(294,324,472)
(292,350,692)
(604,687,537)
(774,763,287)
(775,798,572)
(595,856,881)
(442,501,842)
(892,179,735)
(391,565,101)
(365,79,611)
(467,395,235)
(718,768,947)
(295,259,337)
(264,418,929)
(458,506,336)
(811,349,807)
(257,763,601)
(896,720,878)
(683,696,875)
(547,182,791)
(877,566,842)
(413,559,976)
(513,221,965)
(634,33,901)
(886,656,684)
(519,295,664)
(2,892,498)
(514,346,83)
(320,170,294)
(215,950,204)
(971,761,241)
(124,714,224)
(415,277,343)
(826,820,152)
(598,209,696)
(35,184,855)
(300,54,451)
(972,837,48)
(194,913,759)
(57,181,634)
(827,440,284)
(191,734,233)
(483,545,861)
(373,866,454)
(968,782,771)
(270,287,402)
(461,867,615)
(488,491,231)
(408,857,367)
(366,745,643)
(533,120,138)
(987,946,315)
(608,517,402)
(290,340,884)
(653,323,943)
(392,354,199)
(589,815,482)
(877,410,828)
(236,477,318)
(988,102,342)
(386,444,17)
(215,349,51)
(55,511,72)
(402,264,966)
(638,121,134)
(474,759,958)
(876,991,543)
(413,634,236)
(536,431,841)
(720,114,454)
(998,434,472)
(236,816,426)
(143,737,752)
(849,415,101)
(740,290,656)
(171,706,425)
(714,86,874)
(238,902,876)
(765,574,874)
(503,958,43)
(927,707,129)
(615,92,26)
(139,191,924)
(945,38,427)
(605,386,372)
(504,275,296)
(644,144,877)
(844,646,601)
(787,888,724)
(178,546,972)
(398,17,634)
(317,697,489)
(843,628,850)
(831,977,631)
(945,657,650)
(570,530,996)
(908,889,115)
(215,746,60)
(971,709,269)
(986,170,493)
(512,956,991)
(960,166,391)
(669,665,840)
(169,634,916)
(408,96,873)
(978,561,816)
(738,682,610)
(766,906,820)
(60,793,537)
(573,4,432)
(812,980,88)
(648,179,268)
(886,54,82)
(191,819,538)
(563,527,457)
(455,514,418)
(781,454,916)
(59,661,223)
(942,980,393)
(451,296,194)
(645,205,404)
(474,584,665)
(206,629,823)
(321,865,386)
(751,289,397)
(167,801,353)
(202,627,685)
(224,450,676)
(568,656,657)
(665,808,903)
(667,575,945)
(724,134,650)
(8,582,460)
(414,851,456)
(67,838,133)
(605,832,530)
(552,812,466)
(547,838,11)
(379,415,306)
(126,908,116)
(988,526,239)
(473,464,938)
(644,973,560)
(734,119,166)
(147,712,131)
(116,522,800)
(902,374,145)
(890,281,412)
(777,563,236)
(736,685,758)
(932,914,559)
(703,98,771)
(223,810,978)
(638,31,166)
(333,300,354)
(923,60,882)
(105,848,79)
(204,276,140)
(257,928,788)
(425,59,904)
(501,459,971)
(206,226,540)
(806,19,658)
(564,249,969)
(548,558,858)
(194,527,58)
(294,741,665)
(749,901,67)
(864,793,188)
(692,168,622)
(374,815,687)
(809,898,373)
(745,688,26)
(164,281,676)
(762,210,760)
(337,524,177)
(51,138,525)
(703,853,212)
(207,251,689)
(982,942,967)
(983,624,638)
(640,38,910)
(745,487,474)
(790,980,259)
(700,829,582)
(41,389,29)
(474,886,26)
(733,930,793)
(504,680,945)
(512,421,736)
(338,612,106)
(680,13,190)
(356,150,143)
(308,526,170)
(91,472,26)
(225,92,390)
(786,966,780)
(302,155,994)
(91,715,917)
(467,332,712)
(603,261,257)
(337,110,159)
(822,609,81)
(153,75,386)
(413,15,566)
(985,55,243)
(637,411,317)
(307,491,702)
(605,880,615)
(914,63,919)
(932,190,83)
(449,383,825)
(806,259,473)
(298,921,764)
(74,285,131)
(239,400,427)
(785,668,772)
(765,174,400)
(896,124,643)
(535,158,743)
(73,109,94)
(295,887,419)
(479,413,720)
(25,923,886)
(734,581,67)
(296,630,999)
(191,76,487)
(926,393,921)
(930,896,247)
(725,481,996)
(681,313,17)
(626,82,552)
(732,888,528)
(232,455,755)
(111,222,188)
(904,593,872)
(160,518,677)
(236,444,540)
(951,356,8)
(678,145,628)
(85,296,609)
(530,147,484)
(444,115,577)
(249,75,961)
(200,801,609)
(714,86,750)
(337,371,458)
(240,604,175)
(822,153,415)
(644,124,403)
(631,241,574)
(460,403,877)
(582,701,235)
(238,756,551)
(70,682,955)
(853,644,611)
(245,166,802)
(146,328,686)
(827,786,448)
(521,667,355)
(882,330,340)
(876,651,509)
(539,193,971)
(750,31,933)
(104,507,61)
(454,873,348)
(788,887,145)
(538,912,917)
(163,529,449)
(665,293,575)
(923,978,805)
(780,507,576)
(630,389,111)
(57,734,447)
(888,927,743)
(994,214,532)
(525,662,368)
(261,685,540)
(475,9,802)
(621,794,810)
(514,179,789)
(144,27,14)
(137,514,535)
(835,891,919)
(651,949,187)
(641,500,318)
(946,923,295)
(549,661,72)
(548,753,124)
(36,96,477)
(46,359,6)
(175,407,315)
(478,301,849)
(108,532,590)
(982,520,725)
(408,343,551)
(815,863,291)
(679,673,319)
(567,649,210)
(654,714,50)
(554,924,217)
(393,94,779)
(555,782,468)
(603,1,313)
(767,77,467)
(299,31,478)
(949,936,403)
(720,931,356)
(283,487,171)
(556,201,968)
(497,63,202)
(289,432,828)
(277,727,31)
(173,808,754)
(542,311,903)
(502,303,992)
(11,306,114)
(348,647,886)
(880,145,807)
(966,932,478)
(442,356,502)
(816,119,399)
(125,236,237)
(268,588,268)
(414,644,632)
(421,58,553)
(446,1,165)
(123,787,46)
(485,289,858)
(776,555,980)
(474,789,291)
(803,150,834)
(861,251,183)
(31,500,355)
(452,500,781)
(629,457,344)
(852,194,890)
(304,69,450)
(203,309,778)
(953,249,850)
(330,762,495)
(561,28,142)
(550,206,87)
(774,303,142)
(263,850,1)
(898,769,573)
(258,981,958)
(233,672,370)
(441,52,36)
(891,668,648)
(460,971,552)
(872,68,427)
(37,736,62)
(609,931,601)
(322,779,367)
(458,247,351)
(962,986,301)
(942,392,488)
(988,889,732)
(310,435,156)
(981,345,461)
(382,309,107)
(627,774,68)
(70,188,195)
(640,955,789)
(654,594,647)
(710,364,204)
(479,429,600)
(967,650,625)
(126,19,623)
(759,608,353)
(723,978,575)
(33,263,360)
(608,201,937)
(820,409,503)
(201,331,823)
(838,366,345)
(516,132,352)
(345,892,274)
(460,318,564)
(618,591,21)
(693,233,773)
(864,811,741)
(822,668,910)
(633,391,293)
(579,52,594)
(65,758,386)
(246,74,435)
(877,80,577)
(459,286,517)
(95,454,880)
(197,247,72)
(447,843,831)
(253,46,864)
(827,86,973)
(560,573,57)
(730,362,989)
(32,86,691)
(787,63,971)
(546,144,812)
(469,739,838)
(279,310,134)
(227,22,127)
(987,405,70)
(605,151,741)
(342,852,280)
(478,710,71)
(96,968,592)
(642,42,548)
(823,367,958)
(598,353,669)
(608,320,509)
(627,216,388)
(256,378,994)
(695,685,729)
(817,81,245)
(631,200,177)
(636,874,582)
(722,859,21)
(475,8,715)
(766,380,527)
(273,872,465)
(197,102,775)
(498,342,195)
(987,745,209)
(151,308,771)
(803,989,615)
(656,758,693)
(866,899,991)
(216,101,833)
(786,60,45)
(694,318,769)
(853,454,706)
(651,848,684)
(764,922,469)
(452,859,608)
(817,68,11)
(268,135,365)
(829,565,914)
(769,949,334)
(367,354,258)
(563,541,97)
(51,402,988)
(451,561,921)
(704,654,69)
(936,775,224)
(514,790,780)
(212,55,174)
(804,401,111)
(159,919,801)
(935,715,539)
(989,858,764)
(445,401,814)
(244,516,88)
(789,680,784)
(229,237,640)
(802,271,397)
(670,783,796)
(675,84,183)
(991,343,331)
(714,367,925)
(971,8,937)
(649,472,37)
(270,568,645)
(864,411,826)
(938,119,395)
(95,799,351)
(38,998,608)
(231,629,84)
(595,652,701)
(558,445,944)
(77,617,570)
(844,809,551)
(543,146,880)
(846,862,538)
(258,59,245)
(88,256,692)
(321,354,729)
(436,59,193)
(48,968,631)
(409,281,902)
(644,69,288)
(610,806,695)
(968,142,452)
(786,846,769)
(866,486,363)
(663,873,495)
(209,62,203)
(10,262,202)
(24,993,197)
(13,722,459)
(230,255,706)
(258,25,965)
(793,279,496)
(304,781,480)
(877,385,543)
(231,602,608)
(869,935,517)
(724,660,967)
(637,317,80)
(510,264,124)
(200,283,772)
(334,165,758)
(257,699,217)
(396,714,401)
(311,645,865)
(269,82,857)
(994,624,538)
(271,212,218)
(334,730,817)
(398,342,252)
(411,928,38)
(686,554,978)
(713,660,423)
(874,883,992)
(813,5,791)
(700,853,882)
(53,77,349)
(825,308,209)
(906,823,751)
(101,460,93)
(149,556,5)
(8,387,878)
(476,728,915)
(962,170,582)
(12,79,498)
(676,506,989)
(858,68,270)
(438,863,893)
(897,459,10)
(203,705,685)
(165,257,290)
(722,437,939)
(853,120,410)
(840,847,409)
(199,447,134)
(602,782,280)
(396,763,978)
(778,398,884)
(552,326,654)
(111,200,225)
(853,275,692)
(959,45,728)
(793,83,173)
(684,321,791)
(725,235,258)
(778,34,543)
(843,246,734)
(97,435,391)
(119,743,73)
(840,619,210)
(342,596,558)
(949,266,233)
(704,480,555)
(408,722,367)
(593,358,469)
(116,989,522)
(411,37,540)
(511,243,991)
(362,943,41)
(513,83,354)
(649,753,458)
(272,612,41)
(258,89,17)
(892,81,214)
(554,863,468)
(739,157,132)
(506,406,791)
(498,958,487)
(907,292,375)
(353,725,598)
(133,330,706)
(84,606,393)
(655,944,635)
(253,586,648)
(319,569,357)
(723,11,766)
(904,513,357)
(610,918,389)
(916,262,396)
(826,132,396)
(764,770,430)
(715,91,802)
(839,155,936)
(601,250,297)
(413,282,730)
(730,913,434)
(399,733,529)
(870,270,745)
(210,641,592)
(243,748,702)
(656,694,291)
(200,945,734)
(834,949,708)
(454,852,589)
(209,607,721)
(664,691,637)
(900,778,546)
(792,323,227)
(471,411,98)
(271,471,739)
(157,503,109)
(74,643,898)
(387,319,324)
(482,368,995)
(806,368,337)
(39,178,49)
(194,928,935)
(216,912,831)
(59,945,479)
(130,300,922)
(661,223,279)
(136,267,504)
(506,664,215)
(555,218,716)
(783,790,841)
(419,630,571)
(122,244,193)
(971,514,273)
(644,193,165)
(808,657,168)
(86,989,938)
(308,191,575)
(478,564,603)
(311,950,23)
(5,418,164)
(643,286,775)
(89,950,80)
(978,627,844)
(723,329,618)
(198,975,745)
(343,631,626)
(63,621,284)
(212,468,97)
(523,664,405)
(993,46,163)
(134,239,560)
(976,33,360)
(897,758,836)
(461,357,928)
(951,703,539)
(582,88,293)
(7,88,19)
(855,774,579)
(562,70,965)
(597,401,698)
(273,437,61)
(718,2,798)
(901,546,444)
(572,458,19)
(627,218,891)
(526,729,874)
(979,515,199)
(509,382,920)
(289,426,842)
(137,440,467)
(805,6,226)
(313,651,947)
(538,849,352)
(685,900,992)
(48,686,926)
(41,563,799)
(15,222,862)
(218,532,444)
(148,344,654)
(864,856,152)
(801,693,519)
(991,484,754)
(74,466,721)
(931,725,914)
(217,532,910)
(840,319,141)
(571,603,920)
(769,164,877)
(15,90,629)
(317,388,467)
(167,735,270)
(860,985,394)
(382,395,490)
(310,965,194)
(803,867,323)
(28,272,851)
(365,140,908)
(666,8,815)
(815,132,555)
(153,818,51)
(819,891,594)
(195,43,640)
(359,194,934)
(795,617,95)
(187,822,712)
(766,586,316)
(641,764,589)
(930,285,525)
(832,488,980)
(702,127,890)
(177,482,342)
(168,672,873)
(38,572,284)
(73,657,57)
(538,773,438)
(902,264,86)
(291,790,842)
(868,405,285)
(275,503,909)
(820,593,383)
(861,400,212)
(62,966,986)
(211,801,75)
(223,869,346)
(13,862,132)
(973,986,98)
(552,425,408)
(637,615,731)
(627,49,665)
(552,728,920)
(98,323,351)
(173,538,108)
(875,60,486)
(717,559,943)
(395,934,574)
(155,698,697)
(871,517,32)
(461,32,383)
(176,636,929)
(18,423,198)
(193,355,731)
(537,646,867)
(255,747,752)
(494,490,193)
(241,59,920)
(330,600,282)
(978,838,84)
(488,328,119)
(309,173,871)
(179,364,335)
(155,941,940)
(355,619,748)
(702,212,275)
(8,715,956)
(565,546,496)
(653,660,403)
(314,837,428)
(284,534,936)
(211,157,835)
(215,431,993)
(119,224,562)
(176,602,134)
(455,108,430)
(650,772,195)
(222,542,438)
(985,318,477)
(873,669,964)
(384,413,446)
(807,8,824)
(278,351,867)
(486,761,320)
(183,824,155)
(438,195,374)
(720,582,309)
(136,291,727)
(720,386,305)
(724,934,147)
(816,718,789)
(840,305,98)
(809,120,735)
(323,387,383)
(782,866,176)
(232,94,695)
(680,703,489)
(295,328,375)
(650,225,358)
(301,754,437)
(679,853,838)
(559,299,943)
(940,124,105)
(716,844,863)
(497,375,598)
(571,40,714)
(796,493,133)
(539,411,921)
(50,910,970)
(563,488,859)
(59,385,933)
(932,314,674)
(926,347,614)
(129,536,704)
(442,685,282)
(675,645,683)
(653,866,670)
(485,503,641)
(881,492,258)
(719,748,958)
(233,710,649)
(325,884,628)
(348,758,798)
(844,180,996)
(859,514,342)
(666,52,837)
(210,357,224)
(476,890,799)
(125,129,184)
(656,16,116)
(450,984,954)
(545,805,838)
(771,140,706)
(349,844,723)
(893,25,238)
(16,45,877)
(561,282,603)
(443,470,874)
(305,867,52)
(431,449,470)
(108,13,94)
(352,671,258)
(322,868,769)
(546,650,84)
(624,160,613)
(419,542,355)
(190,977,45)
(876,863,545)
(674,504,557)
(44,582,433)
(927,780,296)
(514,944,64)
(908,65,579)
(602,885,1)
(722,579,481)
(755,843,513)
(277,16,852)
(953,242,33)
(984,508,580)
(315,466,698)
(559,137,808)
(789,312,434)
(747,200,527)
(195,914,131)
(582,136,290)
(431,590,3)
(710,773,272)
(639,901,589)
(783,958,329)
(517,982,906)
(176,473,919)
(918,149,894)
(847,550,398)
(166,907,242)
(113,402,109)
(327,710,210)
(35,76,61)
(14,696,828)
(827,26,170)
(475,923,37)
(498,931,229)
(893,112,779)
(881,222,260)
(13,557,413)
(613,466,476)
(129,378,406)
(559,2,659)
(335,639,834)
(151,318,276)
(157,660,350)
(870,562,653)
(475,12,741)
(769,317,729)
(772,384,884)
(703,312,141)
(394,29,268)
(427,473,431)
(295,915,249)
(762,913,667)
(594,811,165)
(11,314,525)
(253,798,850)
(632,915,865)
(286,626,574)
(290,539,703)
(986,912,983)
(709,938,812)
(369,894,312)
(988,212,915)
(502,141,292)
(84,62,745)
(92,513,552)
(280,318,372)
(186,178,311)
(56,743,221)
(656,11,638)
(262,949,270)
(383,379,684)
(984,907,746)
(352,607,806)
(319,232,256)
(484,272,933)
(122,502,905)
(173,318,844)
(283,663,126)
(851,652,221)
(41,370,856)
(943,395,22)
(15,411,297)
(329,132,721)
(249,447,690)
(340,927,857)
(333,447,6)
(269,729,4)
(74,244,140)
(804,106,246)
(374,67,92)
(14,242,928)
(656,249,686)
(839,893,170)
(303,230,849)
(923,100,441)
(87,273,218)
(25,543,302)
(614,84,144)
(123,939,353)
(634,824,514)
(898,604,233)
(888,813,364)
(625,519,514)
(600,213,541)
(865,80,104)
(858,494,75)
(453,534,823)
(640,694,473)
(292,528,73)
(712,783,503)
(280,981,686)
(815,876,998)
(193,587,700)
(287,154,564)
(350,276,987)
(521,562,77)
(252,183,543)
(55,868,199)
(58,149,211)
(828,324,184)
(674,613,781)
(945,327,189)
(349,697,739)
(719,674,32)
(662,910,121)
(902,178,675)
(727,709,204)
(331,473,856)
(84,410,956)
(86,351,313)
(533,108,422)
(333,929,955)
(540,596,257)
(357,601,140)
(18,498,780)
(382,929,957)
(606,239,662)
(642,291,726)
(752,35,111)
(904,216,33)
(928,558,732)
(451,431,37)
(296,623,201)
(475,925,771)
(541,56,583)
(166,156,700)
(803,187,948)
(238,750,933)
(606,768,394)
(901,740,463)
(128,66,500)
(755,164,759)
(641,608,828)
(899,109,509)
(363,578,346)
(1,208,188)
(43,736,179)
(807,138,402)
(684,67,716)
(209,412,592)
(90,572,516)
(209,578,968)
(456,386,420)
(856,597,233)
(890,740,955)
(870,229,157)
(32,999,239)
(532,206,573)
(754,171,832)
(853,216,640)
(660,570,65)
(877,292,31)
(801,974,262)
(788,849,308)
(477,647,750)
(985,81,965)
(183,396,289)
(92,775,639)
(595,471,163)
(65,308,28)
(209,934,236)
(551,542,749)
(11,876,895)
(861,689,248)
(585,327,647)
(937,659,924)
(50,346,525)
(170,239,882)
(672,74,498)
(750,793,142)
(886,606,763)
(37,440,343)
(586,949,244)
(918,840,956)
(519,931,726)
(463,356,416)
(252,176,795)
(745,845,667)
(208,857,910)
(498,306,30)
(395,95,542)
(235,509,782)
(168,40,183)
(896,445,280)
(657,31,615)
(510,126,517)
(263,727,605)
(771,890,577)
(357,68,653)
(471,118,370)
(399,862,773)
(333,843,487)
(87,780,576)
(429,733,721)
(673,466,944)
(289,187,397)
(943,828,757)
(238,823,562)
(944,608,632)
(131,500,427)
(647,503,942)
(86,213,90)
(746,612,88)
(409,320,104)
(175,739,249)
(422,367,535)
(604,479,714)
(518,668,734)
(108,596,261)
(595,438,369)
(66,318,734)
(425,408,736)
(792,405,726)
(206,165,243)
(141,759,450)
(492,456,297)
(690,816,548)
(769,34,838)
(620,297,121)
(272,993,651)
(965,31,766)
(954,93,93)
(460,175,538)
(287,76,912)
(500,155,937)
(338,210,101)
(741,455,972)
(173,532,575)
(420,45,43)
(768,814,731)
(718,734,817)
(462,171,473)
(982,975,268)
(714,926,323)
(49,533,172)
(240,692,250)
(746,205,1)
(174,230,553)
(661,977,59)
(230,16,385)
(15,966,455)
(654,939,323)
(100,536,919)
(866,463,518)
(358,695,647)
(414,976,592)
(919,806,973)
(364,190,569)
(50,730,838)
(768,108,623)
(296,255,490)
(183,853,216)
(519,48,772)
(346,759,200)
(84,13,552)
(319,371,554)
(962,930,312)
(660,286,130)
(599,118,306)
(491,468,23)
(692,823,744)
(889,667,267)
(283,426,598)
(874,383,562)
(996,845,946)
(180,329,145)
(547,600,680)
(107,248,519)
(57,585,278)
(195,503,919)
(622,390,474)
(996,490,827)
(950,748,969)
(725,232,554)
(676,523,873)
(781,468,543)
(458,163,798)
(999,357,69)
(830,586,340)
(322,445,705)
(262,5,498)
(422,400,80)
(149,446,263)
(866,463,144)
(806,509,143)
(955,177,827)
(861,751,419)
(425,734,524)
(360,369,372)
(990,331,495)
(941,64,456)
(306,827,660)
(286,146,651)
(771,670,589)
(204,363,877)
(55,186,153)
(191,309,129)
(576,842,281)
(330,592,498)
(451,642,714)
(282,397,344)
(45,413,197)
