(37,14)
(4,24)
(21,34)
(26,34)
(34,20)
(37,33)
(22,27)
(38,11)
(4,22)
(7,14)
(14,37)
(17,35)
(29,27)
(26,7)
(11,6)
(2,30)
(31,34)
(13,10)
(18,15)
(22,38)
(7,37)
(10,2)
(7,13)
(24,33)
(24,19)
(25,6)
(6,10)
(6,18)
(27,33)
(26,2)
(4,3)
(39,35)
(9,17)
(9,24)
(17,13)
(16,4)
(12,18)
(17,11)
(34,26)
(24,34)
(13,30)
(22,6)
(21,22)
(33,22)
(31,23)
(25,18)
(36,10)
(18,21)
(19,11)
(6,14)
(39,35)
(22,32)
(12,11)
(32,21)
(17,13)
(14,6)
(30,26)
(15,12)
(9,3)
(27,25)
(4,6)
(27,22)
(17,17)
(27,19)
(3,25)
(3,39)
(10,2)
(11,10)
(24,22)
(31,32)
(14,12)
(23,30)
(2,2)
(24,5)
(39,28)
(10,29)
(6,24)
(5,2)
(31,36)
(17,12)
(12,16)
(20,7)
(18,19)
(4,9)
(16,26)
(39,12)
(33,22)
(28,18)
(13,2)
(31,18)
(6,29)
(9,14)
(4,21)
(30,3)
(27,37)
(13,3)
(27,30)
(27,10)
(14,19)
(11,35)
(21,39)
(25,19)
(18,17)
(28,22)
(22,3)
(34,17)
(29,39)
(8,22)
(11,34)
(22,19)
(7,27)
(11,28)
(21,34)
(28,14)
(8,35)
(29,23)
(6,34)
(20,34)
(33,5)
(23,36)
(23,17)
(19,4)
(12,6)
(23,38)
(39,9)
(26,19)
(2,20)
(30,3)
(8,33)
(18,29)
(34,37)
(4,29)
(1,38)
(36,25)
(7,19)
(22,11)
(33,14)
(22,34)
(34,35)
(24,4)
(35,9)
(32,31)
(7,26)
(18,11)
(4,27)
(25,17)
(29,32)
(4,32)
(6,13)
(26,15)
(5,33)
(29,8)
(35,25)
(15,20)
(23,24)
(30,23)
(34,19)
(10,38)
(35,3)
(29,26)
(26,32)
(25,15)
(39,16)
(23,30)
(11,13)
(27,20)
(25,21)
(16,11)
(17,6)
(12,29)
(34,16)
(31,25)
(4,22)
(12,22)
(6,11)
(5,8)
(3,14)
(31,32)
(24,20)
(13,26)
(8,25)
(19,6)
(4,6)
(29,29)
(38,2)
(18,22)
(21,28)
(35,30)
(7,4)
(6,14)
(39,14)
(36,6)
(39,27)
(6,35)
(25,16)
(9,11)
(27,22)
(13,12)
(19,30)
(19,19)
